driverId,week,hours-logged,miles-logged
183,23,80,2600
39,10,78,900
388,27,62,3300
735,47,53,3800
861,24,71,2100
261,5,50,3500
364,28,58,2000
384,5,55,2900
602,36,75,1500
981,41,50,1700
639,48,72,3500
435,10,73,0
640,27,57,2800
278,33,72,900
667,13,65,2900
456,35,68,2100
62,24,60,2900
591,4,52,3900
366,47,73,1500
103,26,69,3800
362,42,71,3100
529,48,56,2200
86,22,60,3100
906,25,52,3600
233,21,55,0
778,31,55,1100
441,32,65,2200
714,45,78,3400
218,4,69,4000
527,5,72,3100
181,14,65,1400
665,27,69,1300
444,32,60,1000
225,3,54,0
419,6,62,300
61,16,54,200
955,24,56,2000
228,35,53,200
159,8,73,3500
27,47,50,800
482,22,67,3000
670,45,79,3600
768,33,74,3000
877,9,54,3100
945,23,56,1200
993,21,51,1400
677,5,58,4000
278,44,63,1000
572,31,51,1800
681,1,50,2500
953,34,71,3200
76,27,58,1500
846,24,69,3800
756,39,51,1800
806,34,55,800
354,10,72,2500
849,18,54,3100
1003,36,71,500
908,24,78,2800
954,3,79,3500
944,32,79,1800
134,48,75,2000
390,13,65,1900
745,32,66,2400
152,26,55,400
685,21,66,3700
981,26,68,3400
689,29,71,1300
966,36,54,600
147,28,66,200
628,36,75,4000
54,29,58,700
347,9,54,700
862,23,66,1600
1000,16,66,1600
252,33,57,4000
253,37,54,2900
443,44,63,3200
124,3,62,900
914,48,52,2900
791,20,67,2000
854,37,59,3000
881,19,72,4000
40,13,67,100
1005,36,63,1300
47,48,56,3000
419,51,63,1300
68,5,51,700
10,3,51,2100
571,15,59,4000
382,41,76,1300
635,22,75,1400
147,25,74,3600
544,34,55,2700
660,15,50,3800
632,22,60,2200
518,8,57,2200
203,29,72,500
868,38,58,1900
908,33,72,2900
592,46,67,500
653,12,80,2500
884,39,74,2500
66,15,65,3400
675,19,58,3100
414,46,72,2400
347,16,54,400
489,23,73,1800
665,16,58,1700
716,35,58,3300
984,7,70,1400
658,41,72,2100
489,29,68,1700
931,25,51,300
143,34,57,2900
248,19,59,3500
311,48,55,2500
875,41,53,300
32,5,60,300
141,33,64,1900
459,18,77,2700
365,1,53,2800
113,33,54,1400
103,39,55,1800
35,5,77,1500
589,26,64,1100
660,42,54,2800
283,28,59,1000
955,13,63,1400
908,48,77,2500
585,27,56,3600
283,23,59,2800
762,45,71,3700
977,36,65,0
710,12,78,2700
670,28,64,2800
87,36,72,100
743,52,73,1300
777,27,60,2600
1007,1,60,3800
576,1,68,1800
570,20,72,2300
709,38,73,400
29,5,73,2400
185,27,73,200
638,42,57,3800
248,13,64,2100
895,3,64,3600
811,29,66,2500
337,11,75,3200
899,35,67,2800
721,46,60,500
592,4,74,3900
952,36,65,1200
802,23,79,3500
121,9,57,4000
393,9,71,1400
566,52,50,4000
523,21,56,400
58,4,65,3000
148,29,50,0
640,51,67,500
84,35,72,1000
758,15,58,2000
649,45,68,3200
127,43,73,3600
319,30,54,3400
528,23,59,700
495,44,64,3200
271,29,50,2900
283,28,70,2500
273,43,73,100
201,51,67,200
740,21,52,400
626,31,60,1500
33,25,80,3800
272,46,51,3600
586,24,59,2600
463,44,80,700
826,29,58,2300
134,49,64,600
699,17,68,700
982,34,52,2200
753,43,69,3300
816,22,59,3600
294,18,57,1900
979,14,73,3700
480,50,51,200
63,30,77,900
379,2,71,3100
46,35,74,1900
726,8,74,1000
947,17,61,600
475,16,65,2500
764,15,68,2800
401,6,71,2600
589,34,69,2300
645,41,56,100
45,39,67,600
97,9,57,700
726,32,57,200
937,3,64,2600
294,28,79,2700
447,43,51,2800
305,26,78,600
375,15,54,1400
246,43,76,1700
821,3,59,1700
627,50,58,400
965,30,68,3900
743,8,63,3900
901,16,68,500
933,9,70,1100
881,34,64,100
778,15,63,2100
476,6,80,900
98,14,58,2500
159,20,60,3000
849,24,67,3600
66,21,66,100
92,21,63,1600
85,39,56,3700
523,13,51,1100
1002,27,73,3500
817,3,57,2200
962,23,74,500
129,49,79,4000
24,2,65,1900
36,24,59,2200
568,16,75,3600
836,13,61,2300
882,8,78,2500
725,26,65,2100
591,17,61,4000
150,37,61,600
535,35,71,3400
285,46,56,1900
287,5,61,300
71,2,53,1700
514,41,62,3400
182,26,75,3200
11,51,79,600
676,38,71,1500
407,36,78,3900
760,10,52,0
511,7,61,2300
408,11,77,1200
600,41,61,3000
32,17,57,1100
672,45,59,3200
518,11,64,1300
957,8,50,900
657,47,78,1900
373,18,56,1500
849,2,80,200
147,38,52,700
745,9,62,1700
842,52,71,700
783,30,69,2800
296,47,62,1600
892,28,57,2900
877,2,78,1700
1003,20,71,3100
508,35,78,3800
992,20,55,3000
514,30,75,1700
650,43,55,3400
343,20,69,0
571,40,54,2800
42,23,79,2100
94,49,54,1700
852,2,61,2700
847,42,78,4000
908,28,80,1700
859,23,79,3300
232,23,54,2000
958,45,76,700
880,45,52,3800
977,42,73,1600
1005,34,55,2200
688,6,58,1400
922,8,64,1600
821,25,66,1800
28,19,51,2900
624,28,75,2300
42,33,60,2300
667,47,73,500
767,45,68,2100
484,32,62,400
364,5,52,2100
265,40,62,1100
274,13,54,1100
860,49,72,0
452,40,69,2700
755,9,58,3300
763,21,52,3200
459,40,50,1600
755,46,65,3900
615,21,68,2400
447,16,76,3200
896,40,71,0
205,7,75,2100
121,45,66,1900
41,28,69,0
710,8,76,3100
508,40,75,700
733,39,70,3300
713,31,75,3900
954,37,75,3900
355,7,50,3900
355,33,51,600
854,32,50,2300
121,39,52,3000
491,52,77,400
392,30,53,1700
706,49,61,200
953,52,50,2400
442,36,66,300
171,9,65,400
413,25,67,700
155,51,80,2000
340,45,80,2400
920,48,76,1600
575,5,54,2900
880,43,64,300
523,15,63,3600
797,9,78,3600
686,3,58,1200
721,36,55,1400
1003,30,73,2100
856,50,72,3500
509,49,65,3800
693,27,74,400
149,9,60,700
908,33,69,1100
53,46,53,500
688,20,54,1600
982,34,72,0
402,36,77,4000
831,27,80,3600
867,47,57,300
360,38,58,3000
386,8,75,1900
91,7,50,1400
729,47,53,900
69,34,53,4000
968,46,68,2400
917,31,71,2700
186,28,54,3900
110,2,54,800
889,39,67,3900
728,21,73,3700
420,21,62,500
781,5,63,2200
633,49,74,1200
371,47,53,2800
793,47,69,400
116,19,56,0
854,48,54,400
544,4,54,900
262,29,75,300
41,49,65,300
839,32,73,2400
142,3,53,2900
86,37,71,3300
842,30,55,500
278,32,56,2500
961,19,80,2500
143,25,67,3700
886,12,74,900
911,50,58,3300
483,44,58,2400
256,22,70,400
324,46,50,2700
431,44,55,3200
173,24,59,1800
974,51,71,2900
247,13,60,1000
276,29,65,1700
716,32,59,2500
441,1,72,4000
400,49,57,800
408,20,66,100
413,19,69,1300
559,43,67,3800
73,36,63,400
289,6,54,300
189,37,63,1900
601,49,75,1900
159,51,50,3000
61,25,71,3100
720,33,66,2300
543,20,69,1700
596,46,65,2200
784,6,51,1800
484,11,60,2000
147,8,72,100
620,21,50,3800
488,35,53,1200
623,32,55,1800
59,19,69,3400
952,38,55,1400
836,33,60,2600
243,49,67,400
361,15,52,100
381,39,69,900
593,24,63,2900
90,48,67,600
131,29,77,1400
84,4,50,1200
56,2,53,1100
487,1,76,3100
680,1,73,3700
269,27,79,2000
351,44,71,2600
658,6,58,1100
145,7,59,2900
772,22,51,2300
24,42,60,3300
627,2,55,3400
1003,35,52,1100
100,23,50,600
228,38,73,100
376,52,52,2900
43,23,75,1100
460,39,68,0
15,27,58,2700
980,35,55,3800
802,24,70,800
897,1,67,1500
875,25,70,3200
670,46,78,2100
857,30,54,200
407,6,66,200
461,16,67,900
327,27,71,1000
185,32,59,900
805,2,55,3400
340,24,50,2400
860,22,55,2800
596,50,63,900
42,10,72,3200
305,40,72,3300
305,42,66,1400
60,20,75,1400
257,9,57,2000
944,5,74,2000
22,13,73,1500
416,39,75,0
732,46,63,200
628,36,68,2900
432,42,64,500
641,31,73,1500
118,26,66,2800
967,44,76,2500
625,45,74,600
147,12,70,2500
403,43,74,2400
420,31,56,1300
298,23,77,300
318,52,70,3500
712,29,67,1500
883,16,74,1800
188,8,63,900
943,27,54,400
191,40,70,3800
920,40,55,500
904,31,76,3200
669,20,60,2100
918,52,67,1800
244,6,71,2200
248,9,57,3100
118,51,54,1700
261,30,54,2500
557,38,79,2400
164,12,69,3800
73,17,55,900
311,44,72,2600
421,2,58,1900
995,32,66,3100
591,15,80,200
33,51,54,1700
770,11,80,1900
263,48,62,2600
577,30,67,1000
729,50,57,3400
690,15,63,2600
222,24,67,3400
551,22,59,3700
42,13,66,2800
610,45,79,0
293,35,50,1500
66,51,71,4000
671,33,71,1900
909,8,59,1500
207,7,79,3800
626,18,67,2200
369,31,59,2600
156,8,71,900
794,14,59,2500
11,51,74,1900
359,31,62,600
770,29,79,3500
1000,45,79,1600
208,43,64,2600
665,4,65,100
565,35,61,500
174,27,63,2800
471,46,53,2700
655,24,72,3400
980,50,76,1600
261,10,78,200
981,22,66,3500
419,17,54,3100
386,48,52,2400
678,1,73,600
449,36,51,3900
876,42,78,3100
296,39,71,3100
353,33,69,500
382,30,58,1800
44,20,59,2400
813,6,58,3100
855,3,69,1500
516,27,61,1900
642,21,60,2500
994,20,64,2700
687,39,69,600
547,20,78,3000
449,13,74,200
348,32,70,500
419,6,63,2800
34,14,58,500
793,43,56,300
843,43,72,3700
800,23,62,3800
40,4,80,1700
757,14,72,100
188,28,51,800
660,26,73,3900
56,51,69,2400
144,15,51,1500
894,8,78,1900
30,42,73,2500
823,23,53,1100
654,10,51,1700
726,4,73,1800
256,39,79,3200
889,18,59,2600
938,39,74,2000
750,43,71,2700
51,1,50,2400
498,9,51,3400
920,46,54,1200
801,31,70,2700
347,4,64,2100
373,40,61,2000
878,4,78,3700
113,17,74,2700
10,40,54,1300
878,46,72,1500
312,45,52,1900
352,14,73,1000
980,23,53,3600
295,46,70,3600
663,14,71,2400
312,47,80,1900
900,25,65,1800
307,48,71,3100
339,5,70,2100
861,11,70,2200
650,17,56,3700
426,22,77,1500
991,52,67,1500
35,6,67,1600
907,38,70,1000
430,50,75,200
201,40,61,1000
439,5,76,1200
20,10,62,3800
621,45,74,3900
36,48,69,1000
94,7,60,3200
550,41,56,3900
671,30,55,600
343,38,56,3200
553,29,73,3600
463,18,52,4000
660,51,53,2200
16,24,80,800
748,44,74,2400
724,22,71,2800
963,47,74,3000
360,5,69,3700
437,39,61,2300
844,30,53,900
595,45,70,4000
746,8,69,1200
292,23,75,2900
471,44,71,3700
386,52,50,1600
504,15,75,500
63,19,60,100
184,8,80,3200
895,51,56,3200
629,49,60,1700
876,44,68,300
417,43,56,1200
609,6,68,300
518,42,64,1200
612,42,68,3900
355,49,58,900
472,26,71,900
326,30,71,1400
895,15,67,3200
96,14,56,0
623,12,52,3400
454,26,71,4000
266,28,66,2100
188,3,51,3800
327,23,61,1100
465,11,78,1400
570,16,75,0
618,1,64,1000
179,31,74,3600
642,31,65,600
10,42,71,2600
823,7,77,3800
830,45,57,1800
573,48,74,3000
203,42,54,1900
211,27,73,1200
18,19,79,900
999,27,64,3600
170,46,65,2300
470,47,74,1600
258,26,75,3200
48,41,64,2400
881,41,61,1600
231,32,71,700
65,22,77,2300
664,23,80,2700
758,11,67,2000
218,52,53,2100
991,33,80,3500
197,39,69,0
44,6,76,300
44,4,80,1100
552,38,50,1700
731,28,78,200
938,8,64,400
302,26,54,3600
84,46,62,2300
244,18,77,0
900,48,77,2700
14,31,54,2600
235,47,69,200
68,1,51,300
226,10,66,3800
984,30,51,1100
539,2,65,3600
341,47,65,700
916,34,76,1000
765,1,67,4000
689,31,62,3500
357,40,59,1800
78,28,72,700
956,6,52,3700
673,16,50,1400
126,30,65,4000
889,21,60,3000
366,42,51,3600
720,13,54,1400
963,18,73,1600
114,38,68,900
891,18,78,2700
404,29,80,2200
898,52,53,1800
224,37,80,1200
684,17,64,300
570,1,66,2800
178,21,77,1900
899,18,78,3200
384,35,71,3700
577,25,74,600
675,52,50,2900
290,10,73,200
177,30,78,1300
768,23,60,2900
823,25,65,3100
141,32,62,1000
220,1,55,2700
102,26,80,900
133,39,60,3500
950,13,65,2100
614,36,76,2500
131,18,80,1900
111,52,66,2300
1002,21,52,2700
490,37,65,1900
415,23,76,2500
415,27,73,1200
649,17,70,2700
750,29,64,1200
217,42,57,2500
128,5,75,0
135,23,65,2200
62,40,72,2200
816,20,71,2500
870,25,76,3100
174,31,60,3800
137,39,73,2100
362,18,68,1000
630,43,68,1000
953,5,63,1300
566,37,69,3500
779,24,64,2200
750,22,52,2800
612,13,77,3300
993,48,65,2300
1002,8,57,1900
463,19,57,2400
317,36,59,2000
641,47,52,400
588,27,77,1300
420,38,60,900
662,35,51,2600
243,17,51,100
858,52,68,3800
491,47,79,2800
520,47,68,3200
666,41,67,2000
183,6,65,2300
310,13,57,1800
970,3,62,1300
694,32,73,0
599,33,80,2100
116,29,79,1400
323,14,56,1800
796,12,61,1200
188,43,80,0
63,1,65,3600
554,33,64,100
22,47,68,2700
821,11,67,200
422,49,61,2200
514,2,54,3000
207,26,62,4000
829,28,57,3600
845,16,76,2000
275,43,53,2100
745,26,58,3300
183,39,59,3600
267,9,64,1400
624,35,65,1700
447,48,52,800
18,48,51,1800
561,4,56,3700
285,23,65,2400
817,11,60,800
692,37,51,1500
847,22,66,2900
525,30,77,3400
915,34,70,2300
936,29,56,3500
931,30,51,2300
809,18,66,2800
890,44,76,2100
612,47,52,1200
647,45,74,2100
1001,50,63,300
628,31,66,2500
203,2,64,1900
830,36,79,3900
271,23,67,3000
500,11,59,3200
892,45,70,4000
330,50,73,1300
824,25,71,3500
880,36,74,200
37,25,62,600
365,47,55,3800
646,32,77,2300
360,22,52,1200
753,1,50,0
244,23,66,3500
602,36,66,3100
626,51,56,500
419,3,69,900
717,8,78,1700
228,47,57,3400
123,7,65,3300
567,28,73,2800
316,32,76,1900
593,27,73,3100
516,29,61,1400
558,34,66,2500
682,35,64,2700
762,48,80,500
343,7,56,2500
642,50,74,900
428,16,63,300
296,16,53,2900
41,36,56,2400
253,22,59,2300
590,52,68,2900
468,41,74,2500
352,39,55,2200
876,36,56,0
857,7,61,2700
501,5,69,400
594,2,51,1000
612,11,62,3200
365,31,50,500
388,19,57,0
514,9,62,1300
868,51,76,1800
752,34,80,3600
878,7,68,2000
363,7,50,3600
143,39,75,4000
110,7,50,1700
1003,48,78,2500
785,21,74,2000
380,16,56,100
686,5,78,3700
289,9,73,1000
507,10,58,2300
828,34,76,3600
387,38,60,3000
514,25,74,1300
562,14,54,1500
342,13,62,3400
59,46,59,1400
718,3,52,2600
698,52,57,3200
743,41,61,800
973,52,76,1900
663,26,67,1800
102,50,50,700
609,1,73,100
959,42,61,1200
231,1,76,300
167,7,72,1100
609,23,66,2300
666,45,66,3700
17,18,66,100
910,33,66,2400
796,6,52,400
378,40,75,400
217,38,64,3400
546,13,53,100
710,50,78,500
681,35,76,2100
300,11,51,2200
254,17,77,1400
747,33,75,3400
803,11,70,300
241,19,50,1300
620,37,63,3600
254,12,54,1900
759,47,62,2800
113,31,65,2200
379,6,65,400
508,16,72,0
916,10,79,4000
108,9,64,1700
307,20,70,500
305,33,64,3200
810,32,74,2400
379,1,52,800
299,52,74,3000
369,22,51,1500
216,20,68,2200
381,46,50,3000
827,22,73,3900
648,46,70,700
702,6,70,300
464,50,57,2100
181,34,71,2700
912,37,54,3100
1005,45,76,1900
97,44,77,800
235,50,74,2200
650,14,71,2700
374,20,70,500
594,29,61,2800
612,14,56,3100
146,51,51,4000
281,47,67,700
255,49,64,500
66,43,74,1600
560,9,71,1200
142,49,61,600
531,37,64,400
902,47,71,3800
307,46,60,1100
354,48,75,300
70,52,80,400
760,5,53,3800
568,10,51,1500
553,28,76,3000
983,45,50,1600
742,14,69,3300
483,43,63,2000
114,37,72,4000
542,52,68,600
822,40,63,3000
684,29,74,1900
459,21,66,100
454,31,50,3400
480,15,74,600
707,33,65,100
490,30,63,1100
19,51,50,900
35,13,58,200
459,26,56,1000
230,16,65,700
974,40,76,3300
449,48,77,2200
771,46,62,400
525,21,63,100
182,51,77,1000
203,22,79,2000
961,20,60,900
391,42,78,500
808,9,64,1900
279,23,64,3900
27,12,69,4000
477,11,59,1400
19,31,60,1500
969,4,78,3900
699,42,72,500
884,4,61,2800
366,16,52,1300
455,32,54,1100
642,42,53,1100
351,19,76,500
606,31,64,2800
492,32,60,500
443,5,64,3200
456,47,73,1100
927,12,57,2600
20,28,61,2200
46,8,54,3600
578,15,77,100
219,23,70,2500
933,52,50,400
537,12,71,2400
929,19,59,1100
200,43,68,500
531,37,73,4000
181,30,80,3000
676,25,74,600
1007,5,78,3000
518,21,63,1600
788,48,59,500
480,33,72,4000
554,52,62,3800
709,17,66,0
725,3,77,1100
885,46,61,100
502,22,79,1000
85,32,69,3000
821,6,63,2400
993,35,65,1900
812,14,68,1900
747,3,69,2300
43,33,63,200
135,12,51,3300
202,22,51,3800
336,13,60,1000
638,52,52,3500
346,32,57,1300
882,48,51,2200
106,52,68,1800
128,51,70,3900
540,21,60,1900
164,1,78,400
294,50,80,3600
615,23,78,1300
407,42,72,3500
198,17,50,3700
377,29,67,3800
322,22,57,3600
909,29,51,4000
1006,32,78,2600
575,18,65,2900
405,44,50,3000
970,19,75,600
414,43,73,1300
337,34,65,3700
624,48,77,2900
624,9,61,500
464,2,80,700
938,35,64,3100
804,11,51,3000
761,43,61,1100
963,4,77,3900
769,4,64,100
872,15,76,3800
705,44,52,1000
89,2,50,1300
770,37,58,3900
565,52,66,3400
261,33,54,1900
310,7,50,3300
856,39,66,1800
888,22,58,3200
729,38,56,1000
333,42,59,2500
328,25,80,3300
880,27,79,3800
62,38,79,1500
888,19,66,3400
390,9,60,1900
474,36,60,200
871,40,77,2600
141,36,75,3500
611,32,74,2900
476,44,66,600
208,20,77,600
274,44,70,2200
656,15,63,1200
355,35,76,3000
616,46,52,500
707,37,79,700
886,41,80,1900
960,38,54,300
521,35,53,2600
631,2,61,1500
394,47,67,2500
441,48,68,1700
239,35,73,1300
926,2,63,3000
457,4,67,3300
163,41,79,3000
101,46,52,2700
980,28,54,1200
479,1,55,300
998,25,52,1600
983,45,80,1600
299,34,70,200
772,30,59,1700
377,36,69,1400
150,3,58,3400
198,5,64,700
297,32,79,4000
269,47,69,1800
886,51,66,3700
444,6,67,1600
531,41,73,3700
719,24,78,3000
683,18,74,2400
851,43,60,2900
750,8,74,1800
952,30,75,1800
395,30,76,1300
186,35,80,2700
855,37,65,3800
939,33,62,700
511,27,53,3100
206,43,56,500
520,43,77,2200
946,27,62,1000
340,30,76,1800
211,4,63,2800
533,3,56,2300
447,50,71,3400
254,16,56,3400
356,20,61,3100
824,26,67,400
34,13,75,2700
268,29,65,1800
25,29,68,2500
387,40,67,1100
93,15,67,300
85,39,71,2900
963,29,64,1800
13,17,71,2700
946,9,78,2700
385,40,77,3300
69,5,67,0
810,32,60,3500
867,38,53,1500
742,15,63,200
297,32,70,600
350,19,71,1000
180,13,56,3500
484,17,56,3100
756,28,70,1000
809,16,73,3700
91,47,61,3000
981,30,74,3800
881,44,78,2300
794,32,56,0
817,48,60,2500
151,39,69,3700
468,12,54,1600
800,40,53,2600
238,28,63,1700
256,40,80,3900
374,5,53,1800
393,34,69,1600
803,5,68,2900
571,43,77,1600
649,32,57,400
644,9,71,1500
704,33,75,100
1008,44,71,3500
993,3,60,800
777,48,79,3400
955,23,79,3200
458,8,73,1000
325,51,51,300
326,48,64,500
591,8,70,3800
555,40,76,1900
48,5,67,200
620,18,59,700
158,8,75,3500
615,20,50,0
918,21,66,900
686,35,66,3600
689,7,68,800
259,31,70,1500
193,39,53,3600
771,16,55,3800
472,45,56,3600
728,26,56,300
976,4,80,1900
966,11,63,500
574,2,62,2800
154,23,71,0
296,26,77,300
341,49,74,3000
637,24,57,1900
78,51,59,2100
492,12,80,3500
744,30,70,3600
52,21,59,300
286,44,62,3800
966,33,73,1200
201,5,65,2900
446,26,68,1200
1001,36,65,2000
887,46,51,3000
108,3,60,3100
337,48,74,1200
641,13,64,1400
272,35,54,2200
659,3,59,3000
705,25,76,3100
106,13,76,2600
903,48,68,3500
303,33,65,3800
542,48,54,2100
370,12,55,3900
850,29,58,300
131,32,64,300
21,40,79,2800
163,11,61,1600
301,1,55,1900
239,21,53,3300
190,27,52,900
231,43,68,600
531,33,60,3100
483,42,68,1900
833,16,71,1700
999,33,50,2000
480,2,70,300
602,3,69,2100
422,2,77,2800
390,50,54,500
281,48,76,200
172,24,73,300
65,15,54,800
91,18,63,2800
954,4,50,600
174,5,55,3500
892,25,67,1600
239,32,55,3100
245,31,55,2900
642,35,63,3500
373,48,53,4000
396,35,60,1200
169,6,67,1200
718,37,50,1500
333,14,78,1500
637,17,68,2600
834,51,70,0
454,51,59,400
853,3,68,3500
532,46,71,2900
373,6,77,1500
485,7,68,500
15,1,64,1200
523,26,53,1600
561,19,72,3500
485,51,64,2300
419,44,77,1200
873,31,66,3300
705,24,75,1300
436,46,62,1200
417,40,63,300
358,32,67,600
748,13,74,3800
680,52,73,1600
282,8,71,1700
427,31,56,2300
1004,51,78,1500
440,51,67,400
953,3,73,3200
450,18,70,1200
537,1,66,1700
499,16,78,2000
900,29,53,1000
595,4,55,3600
511,38,60,1100
995,17,59,2800
509,24,75,1000
73,2,50,3600
954,43,65,2800
559,33,59,3800
515,41,57,0
813,9,73,2400
984,33,79,1000
235,51,65,1200
748,19,72,3900
772,19,71,1800
408,3,52,3800
891,38,79,2600
19,49,80,4000
519,28,63,4000
342,12,55,2500
734,28,71,1200
920,31,50,2300
990,25,65,1500
57,38,72,900
732,5,50,2000
952,38,51,3500
609,3,66,2300
738,24,56,1900
755,45,59,1000
323,27,60,2400
535,8,75,300
16,17,80,300
640,50,60,600
998,43,78,2600
776,11,77,600
244,20,63,3200
772,50,56,1600
488,44,72,3000
720,32,54,300
515,49,56,200
138,33,78,2400
929,12,51,3300
900,11,66,1600
760,21,57,600
165,40,59,3000
896,31,67,3300
190,16,52,3100
767,48,55,3400
530,44,79,4000
916,51,72,3300
495,11,59,2300
439,49,75,3800
813,7,56,3000
95,23,71,2400
29,25,80,2900
299,38,59,3300
718,5,78,2700
566,1,75,2600
390,13,67,3000
525,34,68,1500
504,21,67,700
33,32,63,800
815,7,61,1000
749,9,79,400
218,45,50,3600
217,3,80,1300
681,33,72,900
450,6,54,2300
168,12,75,3300
907,22,54,2800
374,17,58,2300
289,50,80,2800
145,25,57,500
787,48,73,2200
511,23,77,2700
196,38,64,1500
39,25,71,1300
155,27,77,2800
809,14,73,3400
287,7,73,900
83,17,55,700
328,41,59,300
426,1,64,2800
481,8,55,2200
45,22,77,2000
124,3,66,1500
624,50,51,1700
665,22,53,0
260,41,67,600
127,34,80,3900
994,36,53,2100
677,47,61,100
649,35,57,2400
983,50,53,2000
985,50,77,2100
1003,40,64,2700
53,1,50,2000
198,29,55,600
918,31,71,2400
854,12,66,3900
891,52,68,2000
905,47,72,2300
438,20,56,2700
904,52,58,2100
867,26,73,2100
459,49,62,2600
156,12,50,300
25,4,72,700
347,9,60,2000
362,50,56,3800
562,48,67,3900
431,42,65,1400
258,43,50,4000
503,39,51,1000
376,36,79,200
859,8,71,2300
976,40,55,3200
941,19,72,400
899,25,56,1700
263,6,52,2800
172,3,51,700
697,21,66,3100
678,33,69,3200
17,6,79,1000
841,25,74,1100
517,48,77,1700
567,40,72,3700
729,45,59,200
1000,11,75,1500
981,44,72,3600
834,37,78,3700
724,15,76,600
878,11,51,100
429,3,69,3900
19,30,73,3300
520,45,74,1900
825,44,66,3900
828,12,65,2200
810,16,70,1200
450,27,55,400
281,47,77,500
142,5,74,700
262,22,79,600
30,2,76,3400
756,44,74,4000
644,15,52,3300
132,35,71,3700
928,40,56,2200
229,31,65,1700
836,35,76,2300
524,48,76,3800
946,7,69,2500
206,27,78,3900
428,27,59,3900
778,17,73,3000
950,43,74,1700
556,9,63,3500
651,39,64,400
26,12,78,3700
112,44,52,2600
661,14,79,3300
940,14,69,2500
798,18,74,2200
510,20,50,4000
90,16,79,2600
712,22,53,3200
617,2,53,900
862,42,73,2200
126,13,61,1000
542,52,78,1300
758,11,67,800
48,49,75,1200
574,5,65,2400
295,31,52,700
725,49,64,3900
487,15,55,1500
828,30,71,2400
251,8,71,600
394,3,69,2400
46,39,57,200
194,18,63,2900
466,2,68,200
133,48,72,3000
920,28,53,1200
244,35,64,1300
57,9,51,0
816,13,63,1800
852,9,53,200
256,47,53,2500
439,8,71,100
50,36,67,500
544,27,57,2300
591,43,52,200
892,50,67,3100
65,9,66,100
180,25,56,900
734,21,75,3000
931,19,61,300
941,42,62,3300
34,3,76,600
736,26,71,2300
770,20,55,3700
630,38,70,3200
266,16,71,100
242,37,79,2000
813,46,52,1700
330,23,69,2600
626,36,70,1100
882,6,51,1800
719,13,79,1100
842,35,78,1200
249,44,50,3800
70,2,70,3700
388,33,67,1600
896,43,74,2800
464,45,77,1400
15,12,69,1000
589,37,70,1400
800,3,53,1300
938,32,74,2500
901,30,60,800
687,36,72,1900
871,1,52,400
857,3,80,3400
63,34,79,1300
202,23,65,1100
502,10,68,2100
867,22,53,2700
544,2,78,1800
507,24,58,900
120,26,60,2100
174,18,51,1700
417,47,50,3600
698,51,67,3700
331,10,65,1600
984,22,74,1200
492,6,59,2000
44,23,58,3600
545,19,79,1400
565,12,60,1400
439,14,56,3900
529,50,76,400
520,17,69,800
729,41,75,100
669,31,72,1400
769,48,78,3600
442,20,67,2000
978,16,64,400
682,37,67,1900
421,26,71,3600
281,16,74,2600
434,44,56,3700
237,49,71,1200
763,6,74,1400
840,38,70,1600
462,24,63,1100
71,51,73,2400
958,43,76,4000
942,52,70,900
785,3,60,2100
492,31,65,500
18,52,79,1600
533,25,71,2300
123,26,69,100
584,21,58,1900
523,37,58,2300
454,42,56,600
653,36,55,800
923,31,56,3700
25,37,78,2600
667,48,57,3200
129,6,67,3900
713,15,73,3900
144,28,80,3700
739,37,69,3000
549,25,63,100
319,33,52,3700
292,23,52,500
258,35,61,1800
69,26,58,300
897,42,58,1000
555,4,58,2400
723,41,77,2200
886,1,66,300
563,9,75,400
548,17,50,2000
21,19,79,200
421,11,73,500
149,6,53,3100
115,25,58,2100
916,18,64,3500
71,37,52,2900
690,52,55,3100
130,43,59,1500
756,12,57,3900
772,43,61,2100
212,52,62,3800
493,39,80,2100
206,30,60,1000
719,32,75,3400
631,19,67,1200
150,7,54,4000
859,32,72,1200
341,45,79,600
411,35,65,2900
302,25,51,800
687,2,57,400
377,29,63,1700
412,33,77,4000
360,33,80,1500
22,12,79,2100
548,19,51,2500
797,18,73,2700
631,39,58,3200
996,49,57,3000
550,20,65,600
905,15,73,1100
43,52,74,3200
361,19,67,3100
405,52,71,3400
926,3,79,2400
887,30,58,100
913,26,69,3000
686,7,53,1800
467,47,71,100
620,10,68,3900
49,39,54,900
106,10,68,100
566,32,73,3800
142,51,60,300
595,4,74,500
250,49,68,4000
597,11,79,1200
617,32,58,1500
160,40,72,2900
380,52,74,200
81,23,51,200
572,30,53,3600
225,44,80,3700
212,14,72,1700
189,49,75,2300
940,7,71,1800
494,28,71,2300
510,15,53,1800
227,9,74,1800
653,14,78,1100
826,24,78,900
190,34,53,1200
626,38,52,1300
296,8,72,200
401,37,53,3500
638,41,73,400
982,34,58,3100
844,4,55,1800
530,25,52,1900
381,18,75,3100
876,11,67,500
856,50,52,1300
27,40,58,1600
683,28,64,3600
704,22,73,2100
603,9,75,400
588,5,62,3800
599,35,80,1800
353,47,67,1400
276,26,56,2200
368,2,77,0
614,40,50,3200
532,42,80,1000
417,36,72,1600
810,4,57,3900
409,15,70,2400
400,37,73,2300
646,29,76,3300
835,3,54,2900
924,38,68,1400
583,48,54,3400
821,36,59,3500
708,22,75,1700
387,12,79,3100
392,45,73,600
985,33,62,3400
393,19,52,4000
229,27,52,1000
618,49,74,2400
594,19,64,3000
906,30,79,2600
768,16,53,3200
305,12,50,200
314,16,54,1800
569,37,80,3500
219,44,53,800
126,7,71,400
259,21,65,3600
993,41,63,500
800,6,59,1800
989,33,71,4000
293,22,79,1600
649,51,79,3700
385,15,56,2400
215,48,62,2200
871,16,63,3500
46,23,68,2600
987,14,69,3400
726,17,54,2200
409,13,59,4000
364,12,60,3600
390,22,62,300
921,6,54,3200
763,41,67,2800
716,29,62,200
279,29,60,2400
580,30,65,2500
598,27,78,4000
105,29,62,3000
984,5,65,3200
95,11,76,2800
578,17,53,3300
456,25,66,1400
437,2,76,2400
334,40,76,2500
413,33,75,200
686,20,57,300
483,12,53,2000
197,19,65,1100
139,8,63,1100
357,33,77,2000
886,7,65,2300
348,4,73,700
1002,43,69,3600
214,48,68,4000
178,36,74,3600
987,13,73,0
263,38,70,2000
261,24,59,400
284,15,79,3100
717,36,59,3200
219,46,57,2800
937,2,51,3400
324,42,52,4000
132,21,59,2000
772,8,56,200
254,3,71,3100
63,4,53,2500
670,27,75,0
685,5,74,1200
550,12,68,1300
887,5,61,2100
507,34,57,3500
702,9,55,3600
341,14,64,2500
272,8,54,500
222,46,75,1100
46,33,77,100
54,6,75,400
88,29,50,2000
744,20,76,2200
59,8,54,3000
242,13,58,400
303,34,65,2700
334,24,72,900
71,37,74,3500
764,8,79,4000
404,12,72,0
103,20,61,1000
233,19,79,2700
923,6,57,3700
833,25,50,3600
329,47,66,3300
558,13,70,3000
507,12,55,1100
173,8,63,2800
950,21,71,100
39,34,63,1400
581,43,74,1000
314,2,67,300
735,38,73,2400
750,37,58,1800
546,37,63,100
317,7,68,1800
169,38,79,200
417,44,55,3300
165,30,60,3300
623,44,52,2800
881,39,77,2200
688,48,67,4000
148,22,50,3400
335,51,65,500
612,37,51,300
62,12,50,3200
124,22,59,3500
348,28,77,200
487,48,52,800
540,17,62,2700
483,4,55,2600
628,44,70,1800
538,34,78,100
276,52,78,1400
695,8,76,2000
149,49,71,1500
158,45,65,200
124,37,71,1100
74,37,68,1200
38,35,70,1100
970,30,52,1900
217,43,54,1400
344,29,66,3000
216,37,60,3900
364,11,54,2800
944,35,54,2200
781,25,69,2900
771,30,80,0
37,18,68,1800
629,51,70,300
877,26,52,3500
984,33,72,2600
243,32,56,3100
200,42,72,2200
729,37,66,600
630,38,67,1500
103,21,50,600
763,20,64,1100
605,12,77,400
77,15,50,600
799,42,74,1500
33,27,60,3600
164,40,60,2800
137,4,60,0
437,28,79,2200
921,15,68,1600
859,16,60,1300
715,40,73,400
283,15,58,500
555,47,70,1000
328,28,69,1100
611,25,74,1400
710,4,69,1400
480,40,56,3900
470,29,72,2000
116,3,79,1400
367,12,64,3300
749,2,77,2200
637,36,71,1100
613,6,57,400
13,51,52,2000
273,20,58,3500
806,21,58,2900
233,25,72,4000
60,28,53,3700
387,41,56,3100
132,32,64,700
819,42,77,2000
75,18,62,3400
326,12,50,2300
603,25,65,4000
890,46,68,2500
341,13,62,3500
122,48,62,100
189,38,57,100
795,16,69,100
999,23,66,2200
222,50,80,3200
356,14,52,800
518,27,74,2000
107,32,60,2500
304,25,53,3500
231,21,75,2500
929,8,56,400
108,4,69,900
335,26,55,1800
581,38,60,1700
321,2,67,3900
450,41,69,3700
347,13,77,1800
89,46,69,1400
254,51,58,1600
594,5,68,1700
547,49,80,2900
270,6,63,3300
42,28,58,3400
957,32,52,1100
727,11,62,500
426,46,71,1100
338,4,78,1800
966,3,58,3000
522,20,52,600
576,44,64,1300
750,38,60,1500
202,48,70,2700
64,13,57,2900
386,31,54,3200
989,45,52,400
606,6,55,2400
213,1,57,1900
381,48,62,3900
820,12,65,2200
763,9,73,1300
204,23,77,2300
692,28,67,1800
548,38,55,3800
206,12,65,100
478,44,64,2300
880,42,64,2700
218,4,53,3400
904,11,55,700
392,38,54,700
970,12,64,2100
1006,52,76,3200
451,6,62,3300
288,22,65,4000
944,13,78,3600
706,48,62,2100
919,1,51,800
751,44,72,2200
936,25,62,1300
659,21,51,2600
298,46,79,2100
958,32,72,500
272,39,60,2400
668,40,66,400
943,34,70,700
862,6,66,1600
255,31,75,900
194,5,73,2400
372,38,74,3700
493,29,56,1100
387,37,60,2800
13,33,58,600
779,27,66,2700
875,1,50,1100
19,41,55,0
347,48,55,3400
184,4,80,1100
439,52,62,3900
253,47,71,2600
267,24,78,3000
939,21,68,3800
515,7,70,3800
29,24,59,4000
51,45,73,1400
95,29,69,2600
719,22,69,2400
534,43,51,2500
437,2,52,1200
558,5,73,2600
355,40,72,3000
406,50,69,2400
337,50,68,1100
156,18,63,2800
569,15,67,2700
554,3,57,3400
409,15,68,2400
853,2,64,3600
714,44,51,3800
797,51,70,900
868,20,68,400
940,4,73,2700
720,6,74,3300
603,37,80,300
261,12,51,1400
19,52,64,2100
94,39,59,1000
668,18,79,2700
570,20,78,3800
822,4,53,3400
432,11,57,200
59,20,63,2300
557,18,67,3700
738,13,51,500
182,20,77,2600
629,44,50,100
244,26,61,3900
498,7,73,3500
22,34,62,600
713,11,62,1000
714,12,63,1400
718,44,51,2300
290,47,59,2100
841,9,54,3400
865,21,74,2400
906,42,65,1800
900,42,55,3500
135,49,71,200
446,12,65,1800
840,49,78,2900
145,25,66,2300
425,43,55,4000
279,11,70,600
171,26,62,2400
496,1,63,1900
857,34,55,1700
768,52,72,3200
719,4,62,3300
230,44,60,4000
177,15,62,3900
529,51,59,300
261,40,63,1400
340,33,56,700
961,18,69,1400
382,41,78,1700
496,43,61,2800
808,48,66,3100
116,32,65,2100
403,7,80,3400
216,25,75,0
71,29,67,2200
308,49,53,1800
260,50,69,3100
590,36,60,100
996,26,62,2800
58,38,66,2700
42,19,62,500
489,7,73,600
898,45,60,2800
51,44,76,3500
565,13,69,3700
356,46,55,3700
522,49,72,1200
717,12,59,3400
562,13,78,400
12,41,58,1600
729,36,50,3900
904,42,73,2800
663,26,78,3900
469,23,65,1500
379,16,62,2800
291,19,74,1700
717,11,55,3300
997,4,70,2400
821,52,54,1000
947,10,80,1700
226,6,64,1600
435,27,69,400
721,30,57,1500
558,11,64,300
967,33,73,2100
250,10,55,1500
792,3,78,800
341,5,75,3300
521,34,56,1300
33,10,64,3500
981,42,80,3600
347,14,75,900
314,31,75,2400
399,20,52,2200
336,31,51,1300
688,4,67,2300
425,39,76,2300
637,20,60,2500
668,31,74,700
502,12,80,800
430,13,59,3700
449,6,80,2500
332,41,67,1800
440,27,54,2500
260,18,76,1400
328,10,71,3800
952,22,61,200
143,36,50,2600
359,30,64,1200
684,2,65,2800
649,44,63,1300
571,29,62,1200
691,28,58,900
399,15,65,3100
612,26,55,1800
753,1,71,1700
837,31,65,3500
854,24,76,1300
38,15,67,3300
123,31,66,3800
767,22,79,3600
805,12,59,2800
300,25,73,3800
558,2,63,3900
264,29,72,2900
624,45,74,3400
324,7,60,0
493,3,61,2500
156,27,71,300
848,14,80,3100
873,47,74,2500
30,6,57,2800
92,19,68,0
735,19,79,1200
12,6,51,1800
83,6,76,1900
328,40,76,2200
770,10,73,500
575,43,64,2000
729,47,80,100
214,32,52,1900
498,13,54,400
672,39,63,2800
796,34,70,1600
359,6,75,3100
663,41,72,1900
379,8,59,3500
951,37,58,2200
851,51,69,1600
285,24,54,1200
611,52,51,900
893,1,50,3500
502,24,50,500
938,13,77,1600
842,47,51,1600
795,3,73,3300
188,49,52,3500
801,46,80,2000
652,23,55,3300
352,26,61,2300
880,39,76,1700
713,12,73,0
420,21,63,3000
416,7,72,500
814,42,63,1900
729,52,52,1800
299,48,76,2500
582,32,78,3800
483,34,61,3500
297,5,55,2300
422,26,56,100
837,34,52,3300
910,18,65,3500
15,9,64,2600
90,34,50,1700
818,40,58,2800
109,17,60,100
240,3,68,1500
437,1,52,800
382,9,67,2800
658,19,74,1300
748,30,59,400
348,43,72,3400
406,2,68,1900
100,23,65,1900
863,23,72,1700
739,12,50,1700
160,47,67,1700
210,40,72,300
726,3,50,1600
565,48,68,1700
481,43,77,1800
571,50,73,200
235,35,62,800
596,35,68,2000
165,6,76,1600
115,21,74,100
520,4,80,3700
511,50,78,800
228,28,60,1000
462,6,68,3900
332,22,59,1300
786,23,74,0
685,9,62,0
117,25,74,2000
279,49,56,4000
770,10,52,3200
895,47,52,3000
591,52,65,1600
221,31,74,800
985,41,50,1500
814,40,70,1100
469,28,76,500
779,40,62,0
493,23,52,2500
969,43,56,700
567,25,67,700
767,38,56,900
202,52,75,1000
638,42,58,600
940,27,73,2000
384,33,51,900
341,8,61,1000
702,52,72,3400
432,15,67,2300
540,32,77,2000
73,45,61,1900
907,39,73,3700
304,26,62,2100
417,52,71,0
322,9,62,3600
864,42,54,1100
230,14,56,600
593,47,77,1400
255,35,63,900
401,27,66,1800
878,19,68,1900
319,23,60,3400
321,33,69,1400
1001,11,63,2500
328,14,59,2800
31,20,59,2800
72,3,70,3100
26,2,75,1300
127,32,61,3200
506,49,55,3800
581,40,68,1800
920,48,76,3800
863,5,66,3500
636,33,50,1800
240,48,66,1600
445,10,72,1800
527,42,76,1300
530,18,71,1300
203,29,75,2200
108,29,66,1100
339,8,59,600
559,29,57,3500
792,49,62,2300
461,40,62,3500
176,50,74,3000
601,5,79,600
128,8,61,3700
42,26,54,1600
810,14,56,2500
799,27,60,2900
849,9,77,1100
32,50,51,2500
585,52,74,1600
669,33,79,1000
346,23,66,2200
567,12,79,1100
343,4,54,2400
630,14,51,3900
395,49,80,2300
226,22,67,100
773,5,65,700
177,34,58,300
396,14,51,2500
255,42,52,3800
583,9,66,100
85,41,75,3100
752,25,71,200
989,23,78,1900
399,43,80,900
924,41,73,1400
177,31,60,2000
488,9,73,0
514,9,56,3700
546,35,66,3200
26,34,71,3200
999,9,62,4000
994,48,59,3000
591,4,80,300
682,29,73,1100
784,16,62,300
34,26,74,2300
481,34,78,2600
295,34,64,1200
547,16,56,1500
26,23,73,2800
98,25,68,2500
479,8,51,1700
254,23,69,2600
397,13,76,1100
375,11,77,700
484,12,67,1100
826,35,62,1300
929,49,80,400
142,32,75,3900
683,32,57,500
43,10,57,1400
266,6,52,200
406,14,61,1500
14,18,77,1400
192,21,69,2900
728,22,77,3900
665,47,62,1600
727,24,51,2600
372,30,75,2900
480,20,70,3200
749,19,54,1700
676,10,77,1100
609,52,63,1400
554,43,71,1000
762,19,58,2100
819,44,62,1400
459,47,80,1800
743,23,77,500
663,23,75,100
329,51,65,1400
260,42,64,4000
23,3,69,1500
564,13,80,1500
343,29,65,200
666,40,75,3900
433,11,54,1000
686,27,51,3800
801,33,74,100
638,30,77,1200
932,42,76,2500
856,47,77,1900
706,20,79,900
629,50,64,3600
687,20,76,1300
450,36,73,1300
799,15,72,3400
339,14,53,3200
844,33,77,3500
467,21,72,500
556,49,75,2200
494,35,68,1900
254,29,56,1400
355,26,59,3900
792,37,75,2700
474,26,51,2300
441,20,66,2500
454,1,75,500
956,18,55,300
262,8,66,3200
133,2,72,2300
870,10,77,1000
853,35,76,0
73,45,59,3200
137,42,67,2100
606,52,52,2000
862,42,71,2600
758,15,55,2100
87,21,62,1300
124,22,66,0
461,20,60,2400
280,11,78,400
980,40,65,2700
700,41,62,3800
344,4,58,2700
288,7,73,1000
572,5,57,3300
157,17,63,2300
828,17,56,3100
203,24,58,1600
223,22,57,2000
635,45,73,1500
909,34,76,3600
638,43,69,2100
641,51,54,3900
726,19,51,1000
751,52,57,2300
471,39,51,300
393,14,52,2900
303,22,57,2100
407,2,65,1500
576,6,69,1200
795,34,69,400
420,11,53,2500
480,39,52,3900
416,11,67,0
124,34,62,2300
267,31,50,200
98,41,69,3100
712,11,76,3300
559,22,75,1500
308,13,58,2000
99,26,70,0
959,26,52,2400
768,5,53,3700
393,45,62,4000
480,18,59,1700
455,17,69,3000
219,22,63,0
785,13,59,700
679,30,71,1200
565,15,75,3700
902,4,69,3600
756,47,61,1000
352,2,52,2700
85,28,54,100
253,52,77,200
682,37,59,1200
636,27,77,1800
979,20,50,3500
285,51,64,2000
889,37,63,2400
224,36,73,1200
497,9,67,1100
544,1,62,1900
698,24,60,200
247,11,77,2700
685,20,76,800
450,28,51,2400
911,31,75,1200
30,35,62,0
989,5,79,3100
564,37,74,3900
286,46,56,1200
352,23,65,1200
93,10,79,0
497,44,71,1800
333,32,62,2100
220,30,54,1500
400,8,80,1400
89,4,65,3000
872,10,51,2200
886,38,79,3700
258,10,69,3600
756,5,73,1500
889,33,64,2700
508,12,63,1800
494,48,80,2500
957,25,76,300
486,25,57,2300
172,2,78,3900
918,47,68,1800
854,43,69,400
990,25,67,3600
984,48,67,300
407,12,78,2200
55,51,65,3500
875,38,52,100
243,12,53,200
104,50,72,3200
907,15,65,100
392,10,69,900
454,17,66,100
968,18,75,800
548,13,79,2500
145,47,60,400
464,4,65,1800
162,31,59,3800
837,50,72,3800
317,30,60,3200
1000,26,78,1400
272,9,75,300
57,18,69,2800
590,36,71,3700
226,20,50,1000
246,19,57,3500
945,28,55,2900
949,5,53,2900
717,41,75,1000
850,30,78,1800
60,33,77,200
437,12,52,700
998,52,69,2000
632,21,71,100
985,36,58,2900
158,50,59,3100
899,31,78,1400
494,23,61,500
367,8,76,1400
917,15,57,2400
13,34,72,3500
912,9,79,1200
726,45,56,1400
413,43,75,2500
388,27,50,1800
512,28,75,3100
690,4,54,2400
248,21,55,2900
387,23,77,1500
662,37,77,1200
911,38,51,400
231,42,79,2900
366,18,64,200
808,31,80,200
59,10,78,1100
378,1,78,700
694,10,78,3700
721,10,63,2300
499,20,53,2500
868,51,74,4000
768,18,50,3500
580,8,66,3500
807,24,57,300
233,20,65,2900
336,17,72,3100
351,16,66,1800
549,51,69,2100
513,36,65,300
625,50,66,3300
98,2,56,2400
475,51,70,800
51,30,50,3500
792,18,62,1100
887,23,78,500
760,34,71,2300
624,29,79,3600
392,39,79,4000
937,38,51,1400
514,37,68,0
915,22,72,2000
54,46,62,3900
38,12,62,100
106,42,55,900
393,16,53,2700
830,34,62,4000
788,44,55,1700
730,47,78,3900
288,10,55,1900
373,26,78,2300
968,28,54,2100
515,38,64,0
226,23,64,3500
369,40,69,3600
576,50,73,2600
458,2,78,1300
929,33,58,2100
479,6,68,1800
788,12,67,3700
592,7,60,100
19,13,80,1300
802,16,56,200
564,49,65,3400
471,42,63,500
451,32,72,3000
756,12,75,3900
452,8,54,2200
206,7,57,2500
131,43,69,1700
98,41,75,1200
328,52,55,3700
76,23,68,600
443,42,53,2300
550,18,58,2000
599,12,76,3600
977,41,57,900
475,43,54,2900
197,26,76,600
907,17,52,0
11,28,73,3600
225,48,68,2700
270,14,77,2700
24,3,66,1800
867,1,66,900
987,4,67,1100
385,51,68,200
705,37,78,3800
540,9,73,2000
523,27,74,1600
571,29,52,1700
300,42,78,4000
533,28,61,2800
263,22,75,2800
143,2,53,3400
102,10,77,1800
441,16,54,3300
389,9,64,400
868,17,61,800
143,15,55,500
318,23,57,3100
135,39,65,2400
907,31,69,1000
897,49,67,2600
755,30,54,3000
510,17,58,600
994,16,52,600
763,17,74,2000
547,29,61,2100
662,8,68,300
279,8,75,2200
256,31,74,1000
590,49,78,3500
246,8,66,2400
593,31,60,1300
963,32,80,1400
326,37,53,1600
405,23,53,2600
127,36,63,3500
909,48,65,2100
123,52,65,200
761,21,55,3300
486,39,53,1200
384,17,69,3200
118,27,50,3800
111,18,56,3200
217,16,54,2000
311,17,62,900
513,13,79,1400
330,49,69,900
601,27,70,3900
532,30,67,400
828,41,63,1900
27,52,55,3400
698,19,56,2000
941,42,61,3600
531,20,52,3400
239,27,66,300
990,11,74,800
424,16,72,2100
930,28,50,1700
845,47,52,300
316,17,55,500
693,48,58,2000
941,31,75,1400
271,32,63,3400
58,8,55,2800
981,5,67,700
619,31,79,3300
599,44,56,1700
253,25,78,2200
333,35,67,3000
920,10,74,1800
1008,2,79,3500
436,31,65,2100
231,36,58,400
281,9,70,1600
170,1,65,2900
659,42,59,1800
624,51,50,800
538,5,69,1600
185,33,52,300
235,32,74,2000
733,23,54,700
540,33,56,3000
438,40,64,3700
298,8,59,2400
57,6,56,2900
974,31,62,2600
151,47,78,2700
699,3,73,100
732,14,76,1900
737,35,70,3000
170,46,59,3700
625,22,52,1100
911,49,59,3000
665,34,69,2000
245,19,65,2700
565,7,73,2600
856,37,70,1800
475,12,69,1900
418,18,65,4000
388,49,62,100
711,39,59,4000
264,47,52,2000
452,52,66,3700
810,41,63,2500
924,12,73,3300
153,37,68,2600
56,12,75,3000
467,6,51,3600
151,29,53,0
652,8,54,3400
983,51,66,1400
577,39,67,3300
64,16,74,2300
192,37,51,3700
912,29,53,100
912,38,75,500
700,50,72,500
768,31,68,2800
452,51,73,3900
390,38,60,3600
752,29,54,500
338,52,71,3600
677,38,56,2000
501,41,57,2500
715,13,55,800
541,29,58,1200
375,29,74,1300
198,44,73,3300
480,44,53,3100
524,47,50,2700
467,51,77,3300
409,4,56,3400
484,8,64,1800
142,28,74,4000
128,22,67,2800
395,10,54,400
736,36,61,2000
643,50,55,3900
349,41,78,1700
405,10,67,100
864,23,73,2000
259,18,57,400
660,39,56,600
696,15,64,800
944,42,55,100
487,33,77,2500
748,17,55,3600
701,45,80,600
99,18,62,2700
947,11,80,2500
337,27,69,1400
566,47,69,1300
798,50,59,1400
994,27,65,1600
739,50,69,900
974,48,74,2400
1005,11,67,3500
764,33,69,2300
706,12,65,2800
239,18,61,2600
379,11,71,900
474,1,74,200
28,21,60,400
262,33,64,2500
30,44,65,900
143,17,50,1200
987,27,78,1800
99,10,55,600
1008,29,78,2100
215,37,52,1800
545,48,78,0
273,45,71,1100
321,50,59,1800
135,13,74,1000
804,38,67,1600
206,9,77,1700
176,41,79,700
330,43,57,300
887,16,73,2300
79,27,74,200
362,3,59,100
514,36,72,2500
489,38,58,300
895,14,74,2500
492,48,71,3800
497,27,67,3500
764,7,61,3900
977,18,59,3900
158,1,60,3400
780,19,64,900
696,7,52,1800
563,43,71,3700
336,45,78,1600
22,28,53,3700
537,26,52,3900
585,49,59,1200
230,47,80,500
438,5,71,1200
230,22,77,1000
470,46,74,2300
269,13,74,2900
270,4,78,1900
107,45,52,2500
440,14,57,600
141,1,51,0
376,40,53,2200
388,2,72,1000
1002,18,53,1100
835,51,57,600
729,12,65,3800
36,14,56,3900
546,31,59,3500
672,48,79,100
108,28,78,0
685,28,76,400
339,5,56,3900
219,36,76,3300
188,30,75,1100
30,45,58,2400
1000,28,53,2200
401,26,51,200
620,19,50,500
351,48,56,2500
165,30,77,1300
957,27,73,1100
848,7,61,2800
740,16,77,4000
91,22,74,3400
57,19,63,2500
405,25,76,3900
11,20,77,1200
251,48,54,3800
686,1,79,2900
902,24,77,3400
693,25,55,3400
692,36,79,2500
424,39,73,1100
615,7,64,200
908,3,51,2100
339,2,73,900
360,12,51,400
902,8,78,1200
887,11,70,1900
502,23,77,4000
445,7,79,1200
559,17,55,3600
688,33,51,1300
410,8,55,3200
702,16,56,3000
572,26,73,800
324,36,71,500
850,44,59,500
878,12,62,300
339,38,71,400
733,39,56,300
118,38,65,600
275,6,52,2700
858,19,77,2000
475,33,67,2600
106,29,56,2700
687,39,72,2000
446,42,62,1300
800,14,68,1900
234,15,61,2000
789,45,67,2800
619,37,74,2600
86,25,73,2600
924,39,73,2300
117,46,71,3400
577,15,66,1100
361,41,69,1500
772,33,57,1100
737,38,51,3500
219,26,72,2200
938,14,66,800
577,15,65,200
619,43,66,3500
78,9,70,1700
694,18,68,3500
343,21,71,2100
496,45,73,3600
945,24,74,2100
432,27,78,1700
280,21,79,3500
479,6,71,3400
748,35,51,3600
665,47,63,3500
971,15,65,3800
409,8,52,900
840,3,70,4000
937,29,58,2400
589,37,67,3400
951,10,52,2900
369,34,72,100
190,28,58,3300
168,34,55,3000
293,35,54,2200
956,41,53,200
540,7,60,300
220,34,58,3300
530,51,80,2100
144,48,60,3300
93,13,65,1600
64,44,63,3700
191,27,52,2600
201,12,73,3900
360,34,60,1400
615,30,66,3900
988,28,55,2300
659,40,70,3000
873,22,66,800
954,16,78,2100
87,4,59,700
553,3,57,2900
630,3,50,3900
890,11,60,3600
819,23,60,2100
628,37,61,600
781,16,74,2700
405,40,70,3400
674,14,75,3800
763,24,63,3300
632,13,68,4000
136,50,54,1500
770,27,66,1700
459,9,73,1500
574,11,68,1600
636,41,59,3300
760,24,51,200
273,9,62,2000
906,16,60,2500
153,14,68,2200
1006,52,66,1400
148,31,64,1100
601,8,69,3600
754,34,63,3700
168,18,66,1700
129,37,68,400
181,46,74,2800
370,45,61,2100
991,51,57,800
274,45,73,3500
778,15,77,3500
208,28,80,2800
652,6,62,3500
616,15,51,3100
883,10,52,2700
180,51,63,3900
259,8,68,2700
836,47,80,500
760,9,66,2400
108,8,73,2600
250,27,78,3100
812,37,77,1700
479,7,58,1700
172,41,70,1700
665,6,61,4000
293,3,51,2600
949,18,66,3000
693,12,58,500
230,36,55,3000
921,28,57,2000
274,16,54,3800
299,22,50,600
893,39,58,900
454,43,53,700
790,29,53,800
447,17,61,1200
406,40,56,3900
531,40,54,100
725,5,65,3200
1009,44,80,3200
776,50,62,1400
188,25,58,1100
307,22,75,500
966,16,59,3800
591,24,72,2800
174,52,62,1300
858,20,54,1800
369,4,52,900
297,46,51,2400
821,22,78,300
93,39,80,100
213,45,63,2100
784,27,75,3500
202,43,62,1500
259,17,69,0
819,26,57,2000
908,32,50,2800
187,32,50,3100
798,28,54,300
491,7,73,3500
733,20,68,3600
902,29,64,1900
824,26,58,2400
455,52,64,3400
584,41,68,1200
919,49,62,2800
584,20,50,900
650,40,78,100
706,36,68,1700
620,1,58,1400
205,48,59,1900
910,28,54,2800
721,27,62,700
143,44,77,2600
476,35,73,0
91,7,63,3100
543,47,80,3200
186,48,58,700
579,12,70,2700
424,10,70,1300
907,8,76,3400
587,4,52,600
605,46,59,3900
335,28,67,2300
851,5,72,2300
827,23,55,3800
222,28,65,2500
852,45,52,1100
189,52,72,4000
437,48,52,1400
552,18,60,1100
871,11,69,2700
681,22,68,3100
483,17,71,1600
239,25,75,700
164,35,73,4000
985,5,74,600
12,26,54,700
860,25,72,1400
188,18,67,2400
537,30,69,500
757,50,59,1800
314,51,52,500
426,36,56,1300
717,3,56,1300
881,52,65,3700
894,41,75,3900
1006,32,80,1500
991,37,79,1100
907,38,74,3600
87,35,76,1000
580,1,57,2900
636,37,56,3200
551,20,54,3900
138,29,54,3800
180,1,70,3600
766,39,72,2400
641,18,69,3400
361,28,77,2000
472,12,52,800
225,49,69,1100
863,2,80,900
986,36,51,1000
594,30,66,3800
444,15,75,1800
778,23,77,1500
45,25,55,2900
182,39,57,3500
545,6,55,3700
746,3,60,2600
482,8,53,300
27,46,71,3500
777,35,80,900
106,5,78,3400
431,1,74,1600
661,52,50,800
570,22,75,3600
491,11,74,2100
343,16,76,2900
773,36,52,200
359,33,72,3100
217,2,79,2800
37,28,55,1000
859,27,61,3800
870,12,69,2000
299,11,59,2600
660,20,74,2300
59,32,51,1000
153,4,53,2000
366,45,56,3300
751,48,80,2300
715,4,72,1900
920,34,73,3400
337,36,62,1800
934,3,50,3200
317,17,74,3900
532,18,73,2800
455,24,55,1800
526,48,66,3100
421,41,59,3400
970,33,65,200
660,10,51,900
571,8,62,100
739,44,63,2100
497,30,59,900
719,22,76,3400
714,26,70,3400
22,15,68,2400
785,40,65,1700
255,42,80,2900
779,35,65,1300
610,15,70,1600
732,17,56,3200
760,4,66,1200
583,26,62,1300
173,52,60,600
786,34,66,1300
161,13,67,3400
566,26,78,3500
930,42,50,700
907,25,62,3900
817,35,63,100
176,38,69,1500
900,18,64,1400
154,31,57,700
273,32,56,600
519,26,54,2700
301,38,61,1500
910,51,50,1600
131,25,72,900
536,4,62,2700
136,38,52,400
275,15,56,500
201,27,75,1000
954,42,54,2400
772,6,50,600
250,42,51,3000
997,9,53,900
552,39,80,1200
348,33,55,2600
947,52,66,1900
321,44,54,1700
198,7,77,3900
106,16,75,2500
315,40,56,3400
990,29,50,3800
871,39,56,3600
546,50,52,100
79,10,60,3600
658,51,72,3900
951,47,55,300
763,50,51,3300
331,13,59,900
960,20,55,2200
693,35,55,100
165,18,57,2800
488,35,75,3300
676,13,66,1600
117,6,51,2500
777,8,61,3100
61,19,66,200
761,6,59,3700
762,2,67,2600
612,9,77,3600
661,50,79,4000
390,40,54,3100
580,39,67,1400
495,52,62,1600
170,22,80,3300
657,9,75,2600
1005,24,63,800
290,36,67,1200
276,49,59,3800
587,26,63,800
186,4,80,1000
144,48,57,4000
965,1,51,3900
225,23,61,1000
202,8,67,2400
394,10,54,2100
394,9,69,1200
720,22,77,600
687,48,60,2100
525,11,78,700
845,33,53,3500
633,14,54,400
44,24,63,3700
429,7,69,1200
232,22,61,3200
498,45,62,2000
436,51,58,100
984,7,58,3800
87,40,61,3500
890,3,69,4000
672,34,73,500
938,52,77,1100
846,6,67,1500
1007,9,59,1900
654,15,50,1900
723,17,50,2900
691,38,52,3500
535,24,57,2300
269,25,64,800
734,51,72,1400
208,36,77,3800
160,19,62,3300
95,31,51,3800
470,29,62,2300
428,50,80,4000
49,26,73,3100
955,23,63,100
894,12,79,1100
390,10,58,2600
992,23,66,2500
598,44,69,2700
120,43,57,2000
249,50,60,2500
278,23,66,800
56,44,73,3200
554,17,80,2800
950,11,78,1400
365,12,69,2200
636,45,64,2600
460,3,54,2200
786,25,66,1500
906,30,60,3500
439,19,77,100
633,36,73,2400
151,33,58,200
732,13,64,1700
986,16,75,2800
112,3,76,3200
113,20,56,700
741,24,65,2100
651,35,52,1800
189,37,78,3300
286,31,68,3500
337,49,65,2500
342,11,60,2300
736,49,67,0
976,51,52,2800
219,11,62,700
977,9,71,2200
451,32,74,1900
746,40,74,1600
634,17,51,200
31,45,51,1200
948,28,79,1800
580,9,72,300
984,35,64,900
700,2,73,1100
778,1,75,1000
266,2,58,700
789,34,75,1800
999,14,67,500
166,11,73,500
284,22,52,3700
310,41,76,3100
208,42,59,2600
452,33,67,0
702,40,80,2200
682,51,67,3200
412,45,70,700
969,4,66,3000
216,48,56,600
268,41,50,200
80,45,72,2900
595,4,61,1400
455,49,61,1400
474,39,59,4000
376,22,60,400
136,30,78,3700
858,24,70,1800
469,10,70,2100
729,41,65,500
555,40,69,1700
922,12,53,2000
902,24,58,2900
942,5,66,3400
207,3,66,2800
177,11,71,1400
470,39,73,700
312,6,75,3900
877,15,72,2400
16,18,69,1500
386,15,56,3400
718,37,73,600
278,20,64,3200
191,8,51,4000
957,50,50,1200
873,27,67,1100
776,38,63,3500
914,17,54,3200
763,36,53,3500
393,34,52,1700
696,25,58,2800
753,13,54,2100
185,27,55,1100
314,45,77,0
478,35,66,3200
311,23,66,3600
63,39,66,3400
948,21,64,2700
213,43,60,2200
931,10,66,2900
645,1,66,1400
429,42,57,2000
97,45,80,900
174,4,54,800
964,33,53,1700
55,31,65,3800
514,43,63,1300
88,15,54,900
557,9,69,2200
824,21,71,1900
223,45,75,600
316,16,53,4000
381,37,60,1400
625,30,80,3800
645,47,50,800
927,50,57,1200
547,37,64,1400
928,8,58,600
463,34,70,2500
763,52,64,0
628,3,51,2500
157,1,71,900
52,44,78,3400
35,28,66,100
853,31,76,300
761,29,77,900
813,22,57,1400
99,11,76,1700
165,8,73,3000
656,24,68,600
663,22,78,2400
74,50,80,600
89,17,59,1100
806,48,51,2600
779,9,69,3300
517,44,62,3900
333,19,54,3600
331,13,66,3000
291,43,54,1000
546,45,61,700
189,19,57,1100
719,34,66,800
311,44,56,3800
575,45,70,3800
524,25,73,4000
436,23,61,2300
389,35,51,1000
123,3,75,3800
371,9,67,2000
80,4,60,2100
310,26,59,900
234,23,56,2400
886,16,71,1900
878,1,54,2200
184,37,66,2200
485,27,65,900
901,48,52,2200
576,10,65,4000
683,5,65,3600
422,41,74,3000
688,2,72,2800
284,15,74,1200
661,8,62,2900
639,23,58,3900
456,17,64,1200
551,23,57,600
968,8,58,3500
325,23,51,2500
579,35,66,3600
214,49,76,900
658,29,61,1100
261,35,63,1100
975,7,72,900
735,33,61,1200
380,23,71,1900
328,6,64,1000
682,49,54,800
436,39,77,2300
1002,38,58,0
577,49,57,700
580,12,50,700
911,27,71,2700
875,10,74,1300
137,32,64,3500
12,23,72,800
103,51,69,500
619,31,79,3100
167,32,68,2400
233,24,66,3700
747,21,68,1000
841,11,70,3200
255,15,65,700
727,7,59,1100
510,27,73,3500
768,19,73,3000
829,46,58,1600
1008,26,53,0
815,45,54,1600
934,52,53,300
622,20,60,3700
863,33,74,1300
538,31,63,100
926,30,70,2000
199,49,70,1700
958,35,80,1700
347,24,61,1800
135,27,66,2900
33,20,50,1300
656,50,62,800
860,4,61,3500
210,39,70,2700
506,48,71,900
796,4,76,3400
719,42,57,3400
196,43,52,2000
780,39,76,1400
178,1,64,1400
241,46,65,3200
31,31,72,2000
197,50,68,400
147,22,54,500
931,4,69,2700
845,26,78,800
139,32,59,3600
166,29,76,3900
115,9,78,2700
306,11,57,2700
366,34,65,3100
912,46,68,2400
288,8,57,2200
733,40,77,3900
902,22,57,2200
566,40,53,1100
348,31,78,2000
518,37,68,3300
247,17,51,2900
431,45,80,500
867,24,51,3300
32,14,70,2200
908,7,62,400
523,13,53,2200
623,43,67,900
201,35,79,1300
726,51,78,400
724,34,63,1800
663,12,75,3700
96,31,72,600
427,1,60,900
364,41,57,100
502,23,77,3500
940,49,57,400
802,2,77,2900
92,26,65,700
143,10,52,2300
893,36,79,3800
113,23,52,1500
238,10,70,0
673,31,73,3700
570,26,55,600
902,51,70,3600
780,36,72,1100
876,29,61,4000
946,27,76,2800
78,51,74,2800
155,30,54,3800
881,51,79,2400
923,34,72,1600
416,17,50,2900
943,16,55,3100
563,38,69,2100
776,48,64,2500
907,9,63,2500
66,3,57,2000
745,44,57,400
825,1,63,3800
564,17,65,100
382,35,69,200
916,27,55,3700
589,4,55,2100
708,42,62,3000
662,23,52,3000
748,9,79,2600
882,3,69,1200
10,42,72,1000
672,46,80,3900
618,30,59,2400
664,15,68,500
629,18,59,1200
22,38,75,2800
837,15,79,500
207,40,62,400
269,16,54,3200
357,5,80,700
1000,3,54,0
876,4,76,900
800,48,51,4000
692,16,76,3000
440,39,56,900
550,9,66,2900
689,16,51,200
135,40,57,1300
418,30,73,3700
229,8,57,1600
388,20,74,3500
139,2,56,3600
75,32,51,1400
179,7,51,1800
167,13,67,1200
169,35,56,600
360,4,54,100
969,45,65,900
660,22,54,1100
900,13,56,1100
418,15,68,900
424,22,59,2300
540,44,76,300
928,35,76,1100
69,43,56,3200
972,19,52,3800
403,38,74,1800
661,36,75,200
413,26,57,3700
345,15,54,2200
963,12,52,400
699,40,59,1000
302,3,58,3600
134,20,51,3200
86,30,58,2500
305,51,73,0
476,50,71,2200
971,48,70,900
383,42,65,2700
392,1,71,3100
499,44,58,3600
93,26,76,1500
483,13,77,1200
845,19,60,4000
791,1,79,400
666,21,79,1700
968,49,56,0
616,46,53,2800
908,5,56,3200
497,43,60,0
22,9,63,100
201,9,76,1100
812,47,58,3200
219,43,57,3000
235,37,53,2000
757,11,77,3700
454,7,63,2400
740,3,76,0
193,13,68,3300
958,37,78,2700
904,16,80,4000
773,50,62,800
856,51,52,1600
761,22,60,0
536,4,68,0
183,8,56,600
432,3,63,1600
274,37,80,1600
732,5,56,1000
81,46,62,200
545,13,78,1500
794,40,52,1300
57,34,61,2800
901,17,63,1200
351,2,64,2300
580,9,79,1500
934,31,70,1000
219,14,56,3300
304,6,64,1000
785,1,60,1600
120,6,65,900
157,23,63,2900
855,6,77,3100
942,24,70,2600
317,29,55,2000
353,13,68,2800
379,49,77,2000
232,30,68,2600
424,42,52,2900
446,2,58,1600
123,47,62,3100
31,9,72,4000
483,52,55,3000
837,24,56,3300
224,51,64,2200
155,6,60,3300
983,7,72,1000
253,36,62,2400
273,19,56,3000
45,42,53,1800
866,14,52,3300
569,22,61,1300
853,38,73,0
247,30,53,2600
661,2,52,1300
81,3,73,1900
992,30,67,2900
138,7,74,400
449,46,52,4000
822,29,51,3800
196,2,57,1000
782,47,55,3500
473,18,59,1900
266,30,71,100
35,46,68,3400
749,16,59,3800
696,5,53,3300
983,36,56,3400
735,38,52,1000
753,47,52,700
602,48,71,2300
14,41,59,1300
79,6,62,1600
216,18,57,300
280,20,78,800
313,44,57,3700
954,43,74,3700
21,49,56,300
849,42,55,1700
522,48,68,2900
122,37,51,1600
952,19,51,1800
935,25,60,400
644,48,71,2500
669,29,51,700
597,28,67,4000
632,37,70,3400
379,29,65,400
153,25,63,1800
563,2,60,1100
243,13,54,2100
362,35,74,4000
325,36,51,0
82,13,80,1200
376,17,68,2000
92,35,70,2800
546,6,67,3500
996,17,56,2200
684,4,51,3400
715,35,64,2800
194,45,69,3300
468,3,65,3500
231,37,65,600
422,26,63,3100
472,8,53,2500
115,6,72,3300
883,19,56,2800
257,34,71,3300
796,22,66,1700
536,6,62,3600
813,24,55,3200
588,37,71,3000
384,39,61,3100
523,4,51,3000
441,1,76,3400
279,26,70,900
794,46,78,400
570,42,56,1400
144,26,76,400
867,19,70,1900
550,19,62,1000
952,2,50,3100
80,42,72,3800
349,2,62,3200
71,31,63,400
477,7,68,1100
19,48,54,1100
272,47,80,2800
782,10,70,500
521,32,72,3700
114,34,67,1600
946,46,80,1600
895,1,52,600
619,51,59,400
959,17,62,1700
576,2,67,900
485,10,64,200
864,41,80,1100
102,1,72,3500
497,21,50,900
466,29,69,600
608,41,80,4000
359,19,77,2500
450,10,61,3000
78,5,58,3300
896,29,50,3000
600,6,50,3800
539,43,78,1400
649,43,70,4000
339,39,76,3600
257,47,63,1500
373,25,50,2700
641,25,80,3100
348,14,66,1400
704,6,56,600
849,16,63,700
766,39,54,2600
322,16,52,2100
431,26,63,1700
521,38,63,3500
942,41,77,700
822,23,75,1900
84,35,71,1300
488,3,78,3100
266,51,55,1700
513,4,76,2400
1007,34,59,1600
151,17,66,2100
455,46,53,200
12,14,58,3300
143,26,61,1500
638,43,63,3800
394,14,67,800
370,26,56,800
966,10,62,2300
956,14,50,2400
255,47,69,500
918,24,57,3500
41,13,55,3000
199,49,78,2300
119,5,73,3900
506,40,69,2200
1009,50,74,3400
983,47,58,3400
165,5,74,3600
193,42,79,1300
324,39,51,3300
448,13,76,3900
24,50,51,2400
803,34,51,2600
990,5,68,300
279,51,53,3100
245,12,58,1000
429,13,54,1200
864,6,75,500
913,51,55,3200
141,32,50,200
691,52,66,2600
741,21,54,3000
272,8,70,2400
764,15,59,2300
901,49,57,1700
488,37,53,3500
630,7,50,2600
878,44,71,1700
207,42,71,600
30,47,65,800
997,46,55,2500
148,12,59,3400
82,51,79,1000
76,35,51,800
980,46,65,3000
419,32,76,3600
999,1,58,3500
694,33,64,3000
835,5,71,1200
843,30,72,600
910,24,58,4000
799,35,60,3400
77,50,59,800
954,8,55,1000
851,52,76,2100
921,19,76,700
353,9,56,2000
866,26,61,2600
648,1,64,3200
960,20,73,3900
333,25,56,1600
106,20,63,200
206,41,71,900
580,5,55,1100
464,44,52,2300
97,49,52,3900
715,48,64,800
274,1,59,3500
834,13,72,500
553,39,77,2500
833,44,78,800
109,26,80,900
602,5,75,200
857,44,62,1300
978,39,74,700
548,7,64,1400
487,20,55,2200
527,14,73,600
336,8,50,500
45,49,52,2000
118,13,60,3100
373,8,61,3300
88,4,54,800
700,40,52,1300
547,48,52,1600
216,35,73,2500
274,34,80,3800
346,22,75,1200
449,4,64,3600
911,51,73,3600
477,26,67,4000
926,52,67,500
589,9,53,2900
211,29,80,100
200,34,65,300
582,28,54,3900
251,49,78,1000
92,39,54,3200
23,22,80,3700
858,39,54,400
961,37,70,3300
43,21,66,1300
850,41,76,0
58,50,61,2700
341,48,70,3500
983,31,79,1800
668,15,56,2600
953,11,77,2900
250,18,75,3300
753,30,77,1700
853,26,62,100
19,22,80,600
330,13,69,200
265,17,66,1100
553,26,66,3200
814,29,66,3900
992,47,68,1600
995,18,77,2300
256,5,64,700
928,32,51,1000
435,28,67,3300
30,32,70,300
315,11,80,500
408,34,52,1800
875,22,78,2100
328,11,55,400
100,27,60,3800
492,3,57,400
943,48,67,400
112,48,67,3500
337,46,50,200
402,10,68,1300
195,40,80,900
826,46,54,1800
56,10,69,3000
399,40,53,3100
591,29,53,1400
903,28,50,1200
907,19,61,3200
969,46,58,2000
85,23,60,2200
783,32,59,2400
438,34,77,0
855,50,59,2900
575,13,76,800
954,11,64,3300
1008,10,61,3100
809,13,57,500
433,16,69,700
120,41,57,1700
650,2,50,3000
1008,50,72,3000
320,44,67,800
506,23,71,1700
584,38,54,3200
309,2,65,1300
445,7,54,1600
536,39,79,1300
615,17,60,700
504,29,73,2500
552,24,68,200
605,17,76,200
932,35,52,300
480,31,64,1700
474,47,71,4000
227,21,64,3500
966,38,50,3500
269,50,71,2700
245,25,53,1900
387,12,61,4000
719,3,50,600
110,16,69,3900
236,38,58,1100
718,20,53,4000
361,25,54,3700
62,8,80,600
168,17,51,100
187,38,56,0
64,35,73,3600
746,4,60,4000
389,40,65,1300
294,18,69,600
890,12,59,2600
273,29,78,3200
119,3,74,4000
626,43,52,1500
631,2,50,1200
553,8,55,3600
334,19,80,1000
144,36,67,2600
83,22,73,1100
498,31,62,3400
377,51,63,800
971,17,79,4000
455,47,80,300
939,47,53,1400
886,44,66,300
996,22,80,200
760,39,69,1100
331,37,57,500
402,23,57,1400
397,25,51,1000
895,50,60,1000
50,37,63,2100
195,8,73,0
589,25,70,3400
705,24,66,1600
804,21,68,3200
305,46,55,3600
722,49,55,1800
809,31,70,1700
41,40,69,3700
590,33,80,0
716,8,67,1000
312,30,70,700
803,48,77,2600
211,33,63,3100
350,2,67,1600
944,44,78,200
679,20,61,1200
205,7,60,3300
323,51,75,3000
502,16,70,1000
287,12,68,0
435,36,67,1300
383,30,52,200
743,13,80,400
458,28,79,0
101,37,61,3600
931,2,53,100
892,8,76,300
916,37,66,2100
811,6,57,900
769,42,64,600
842,48,60,2200
102,30,73,2300
122,12,65,100
130,22,74,100
383,30,60,3100
970,11,50,900
878,32,51,2600
567,1,54,1600
737,49,80,1100
177,19,56,1200
304,39,74,500
419,19,66,3300
453,34,71,3400
197,44,80,1000
619,29,76,2100
494,7,76,600
859,7,69,1000
38,51,61,3700
766,4,62,4000
603,24,72,2500
190,47,50,300
434,22,75,3600
158,48,53,1500
411,14,51,1900
705,29,50,1600
258,34,55,3500
34,52,71,900
638,29,59,1700
493,13,69,0
726,25,76,2300
671,9,64,2600
518,33,71,2300
439,17,77,1800
51,16,59,1400
814,45,58,0
679,36,69,0
64,3,61,3900
205,20,50,1700
257,46,67,2700
771,9,51,3000
107,44,61,2900
12,38,71,200
363,20,60,900
731,4,77,3900
553,34,54,0
648,33,51,100
465,37,70,500
835,50,56,3800
793,43,69,100
77,29,60,1100
887,38,73,600
594,23,69,3600
256,2,50,2900
864,32,56,1600
605,4,74,2900
785,26,59,3500
969,30,62,3300
877,22,54,0
629,8,69,3700
910,23,57,3200
147,43,64,0
167,52,54,1100
664,27,67,200
40,35,77,2800
369,19,55,3600
432,39,74,2900
858,36,66,100
86,33,53,3400
289,15,72,3700
977,33,74,300
659,31,56,2400
841,4,74,2500
688,10,66,1000
959,51,75,1900
281,45,66,1500
100,39,72,2200
336,41,71,100
726,6,64,3000
50,34,78,200
258,24,67,400
52,36,61,1900
201,1,56,3400
281,6,70,2000
685,18,77,1500
150,34,57,3300
880,19,68,1800
377,46,59,1200
377,45,66,1500
406,5,72,2900
101,50,67,3400
343,1,76,3300
706,34,75,1500
168,46,68,2100
426,30,75,400
676,27,76,800
32,26,79,3700
574,32,56,600
268,41,75,500
401,51,59,500
481,16,60,2900
606,42,62,400
557,24,59,1500
962,32,66,900
640,1,60,1900
62,33,79,800
329,47,51,2800
321,23,72,2500
72,4,79,1900
370,31,53,1000
69,47,58,3200
922,17,66,500
700,26,62,700
741,8,69,2800
265,46,78,1400
949,12,50,600
467,46,58,1300
818,40,64,4000
431,44,79,1100
724,27,61,1700
494,47,56,2800
945,40,59,1900
693,51,60,1400
394,18,67,700
305,13,55,3800
351,18,62,0
720,46,78,2000
816,46,65,2900
493,24,68,1300
587,22,55,1300
711,47,58,1500
470,42,59,400
699,3,63,3400
55,24,80,2700
452,17,57,2200
333,35,75,1600
201,32,78,3100
864,40,63,1100
706,8,64,2400
700,10,75,1300
482,2,71,800
801,14,50,2300
941,41,62,100
872,19,70,200
142,19,57,1800
166,47,56,4000
526,21,67,1300
466,49,52,2200
220,27,67,300
606,24,66,0
151,7,72,400
934,38,68,3700
530,19,75,500
909,35,67,200
307,20,65,3400
768,23,78,1100
577,6,64,1900
573,50,69,1700
551,12,61,800
282,22,59,3900
85,44,51,3500
806,51,62,2800
680,41,70,1300
368,3,69,1700
660,15,69,1200
833,21,71,600
887,45,62,2200
739,40,69,3000
125,25,52,2300
133,39,51,3400
354,14,69,4000
768,27,52,2600
202,16,80,300
169,16,60,1700
250,22,66,500
132,22,66,1500
342,5,73,700
668,49,76,1100
507,19,50,200
862,4,58,3200
695,47,51,3300
725,22,52,2100
163,23,72,3300
44,8,66,1200
268,16,50,100
776,33,51,600
983,51,66,3100
595,4,59,1500
394,17,55,1500
525,6,80,500
507,36,59,3800
816,15,63,1300
158,3,54,3500
623,39,66,3400
785,19,67,1500
796,16,57,3800
103,6,69,3000
605,40,53,1900
611,30,57,1700
271,8,74,3700
303,30,56,2300
404,45,75,1600
179,42,77,700
831,50,56,800
158,24,63,2300
452,9,72,600
303,40,51,3400
593,28,58,3300
555,45,61,200
23,10,71,1400
741,4,72,600
995,23,58,2600
161,35,74,800
624,12,53,2700
610,21,52,1300
451,20,77,1500
689,22,61,2100
156,35,77,1400
979,5,51,1800
558,15,53,3700
631,51,76,3600
640,5,60,0
511,22,72,3000
659,35,64,500
821,29,77,1400
153,8,56,300
550,51,69,2200
781,31,58,3700
762,41,63,200
392,38,73,1300
430,11,69,2900
105,37,55,400
701,6,74,3900
584,44,63,1900
429,42,51,2600
954,26,80,3400
672,50,52,500
764,4,68,900
949,8,70,500
53,29,61,2300
966,28,73,300
817,49,79,2700
906,32,69,1000
101,28,74,700
752,46,57,0
745,11,63,1800
829,24,74,4000
875,24,68,2800
338,45,80,1400
87,19,72,2600
111,50,52,1200
606,40,71,1400
702,8,75,800
43,1,55,3900
209,16,58,1200
235,18,61,1600
564,21,61,1200
976,38,79,900
341,34,78,2300
25,33,57,2900
772,46,53,3000
659,43,79,1400
692,43,59,200
695,24,58,1000
107,38,58,2900
220,45,72,100
400,21,80,300
545,28,73,3300
640,4,54,2200
169,35,79,3700
78,15,80,1900
417,15,50,800
269,1,76,1700
150,4,60,3600
335,52,51,300
210,41,62,300
30,46,63,3400
644,46,60,3700
497,4,77,1000
787,34,65,4000
589,25,50,1700
635,28,66,0
268,14,76,1600
978,18,69,2500
767,13,73,2200
464,42,79,100
335,36,77,1300
385,12,53,1300
523,2,74,3200
339,46,74,3300
105,44,71,2500
936,23,66,2900
41,43,59,2900
455,22,76,1800
84,27,55,2500
322,35,54,3500
530,1,68,4000
593,42,59,2500
269,15,65,1800
232,42,75,3900
187,48,52,2400
772,11,67,1100
265,27,59,1900
391,1,75,2400
976,27,58,2800
37,29,69,3800
591,25,56,3700
105,44,55,3200
975,7,76,3700
607,25,64,3300
685,35,67,2600
946,27,77,1600
446,4,77,2900
244,6,80,2400
369,20,76,3300
612,3,52,3000
101,11,59,3800
268,32,66,3600
180,6,76,2300
92,31,64,1600
511,42,67,3800
156,47,78,2100
238,11,74,3700
384,6,72,1000
738,11,64,400
919,51,59,3000
528,21,79,2400
258,20,61,200
750,31,67,1500
182,27,58,1600
830,46,62,2100
487,28,61,2400
590,18,71,3500
21,25,57,3900
418,52,67,2700
935,22,63,2800
343,8,60,1200
167,37,70,3800
457,21,75,1500
815,21,54,1000
434,7,53,2600
14,15,63,3900
640,49,63,2400
431,27,66,3200
703,30,52,2600
572,23,54,2100
961,37,66,1300
361,20,65,3400
330,43,66,200
365,37,75,2200
398,14,80,2000
658,47,77,3300
831,12,72,1500
793,19,54,2800
590,37,68,1900
660,28,74,3600
229,40,56,3600
897,49,70,3500
45,44,73,3400
725,52,75,1500
552,6,80,2200
537,35,52,2100
995,6,71,3700
417,8,80,1300
204,27,72,0
354,9,65,2200
604,13,76,3000
911,27,57,500
391,30,50,900
615,35,76,1800
202,19,58,3700
643,15,59,1700
38,42,59,1800
1008,40,77,800
348,25,61,2500
950,50,69,800
1001,41,78,3500
593,4,78,3600
563,4,63,2700
550,24,73,2400
28,44,68,2000
956,44,65,2700
169,42,54,1300
290,38,57,4000
977,38,74,500
943,6,71,1700
783,51,71,200
850,37,50,300
310,49,69,2000
696,52,75,800
331,5,61,1200
117,36,57,500
251,39,51,700
83,41,70,3900
22,49,58,3800
977,46,62,1800
68,4,65,3000
45,43,74,2400
931,50,80,2500
615,28,65,2000
521,26,70,3300
439,26,58,2100
463,39,78,2000
412,16,64,2700
361,33,75,3800
318,47,69,1000
995,20,70,1900
916,6,57,2500
755,36,72,1400
165,42,61,400
395,45,78,4000
652,5,61,1100
32,11,66,2900
116,38,76,3000
616,40,56,200
757,46,63,3000
303,6,64,1200
300,2,74,2200
764,45,73,1900
46,31,50,1600
780,48,50,2600
558,43,51,1300
994,13,60,2200
227,28,57,3400
995,17,66,200
726,3,79,3500
407,42,67,3300
745,3,71,600
813,14,51,1000
549,43,79,200
13,48,77,2700
106,45,59,2600
242,17,61,3300
213,38,53,1700
765,4,74,600
294,24,63,1900
124,38,67,2600
479,44,53,200
729,15,80,300
742,46,72,1200
401,39,78,800
68,9,59,2700
357,22,53,3700
433,32,62,3300
405,45,62,3200
853,7,73,2200
515,17,57,2000
366,34,57,3800
923,51,77,2100
778,4,52,2800
128,21,56,3000
693,8,64,3300
816,33,78,600
981,8,60,100
913,44,79,3300
550,10,64,800
232,23,67,1600
813,27,71,700
922,18,58,1200
754,31,59,3900
833,37,72,3200
907,10,56,3900
284,3,55,600
289,2,62,1400
808,12,56,600
893,23,56,3200
426,4,79,200
715,31,54,2700
909,20,55,900
319,49,65,3900
383,47,71,2400
547,13,50,4000
640,16,74,3200
232,9,78,800
935,40,61,2800
611,46,62,2500
153,28,59,400
790,10,69,3900
216,23,69,3800
797,45,68,200
37,46,78,1900
877,38,67,3200
133,10,56,100
840,41,77,100
172,47,68,2900
588,19,79,900
442,36,64,2400
683,23,70,2500
876,22,69,1200
747,30,67,3900
358,10,76,1400
829,43,52,3000
426,35,72,3200
435,37,75,500
915,48,78,2800
298,36,80,1900
343,44,64,1400
621,46,74,200
650,52,55,1400
163,36,79,2000
643,43,66,2400
924,30,78,2000
876,44,72,2800
792,23,78,1100
631,19,70,2500
129,48,54,2200
529,46,71,3300
678,2,78,2700
162,14,52,2700
317,35,73,2800
179,1,79,1000
790,52,65,3200
174,24,52,2300
623,45,77,2800
408,2,76,3800
763,14,76,1200
83,16,79,2600
456,16,58,2200
1005,38,56,3000
928,45,79,1100
32,22,74,2900
105,31,61,1500
287,9,67,2300
963,35,52,1600
1009,23,52,1000
994,31,62,3800
687,25,73,3000
368,49,58,2700
663,28,61,2800
278,2,71,1500
809,26,75,500
785,6,55,800
306,21,50,700
841,37,57,2200
797,30,65,1900
783,32,72,3400
715,44,50,500
208,27,50,2800
441,46,50,3700
763,31,76,2900
119,40,66,500
903,14,52,900
346,14,73,1000
180,13,74,2500
281,28,56,800
695,32,66,2200
85,27,77,2400
673,33,55,1900
356,22,80,500
91,46,51,3100
486,46,59,1200
686,20,75,1500
31,49,57,3200
364,24,57,200
608,28,70,1200
476,47,56,200
80,50,63,900
534,43,79,3800
569,45,62,600
272,9,54,1800
307,38,79,1300
469,24,75,3700
185,30,79,1200
194,20,69,1600
115,7,54,0
439,33,75,1000
301,49,75,400
719,14,72,900
402,14,80,0
182,46,61,3500
952,46,70,1500
575,51,69,3200
18,20,60,600
629,31,57,2900
398,49,65,2800
559,52,51,1800
1009,44,69,3900
989,10,80,2000
960,43,68,1600
157,40,53,100
477,24,55,1600
628,16,75,2300
204,16,69,200
722,22,62,2400
649,48,55,400
100,4,71,4000
820,34,64,3300
666,3,62,3700
362,34,64,3400
366,9,62,2500
431,37,79,2700
904,11,77,2700
472,14,70,2900
580,23,72,700
399,50,54,0
483,2,57,1900
101,46,62,1000
778,34,50,2100
466,39,54,1000
664,30,51,200
552,45,71,1600
956,28,60,1700
597,20,61,2600
848,10,79,2500
257,44,68,200
659,31,51,3500
450,21,58,300
188,27,50,3000
348,5,56,400
533,47,70,2200
91,34,80,2300
701,5,76,1300
701,5,51,3200
43,40,78,1700
176,14,74,3600
230,51,52,300
300,8,77,600
18,34,72,3900
635,38,56,200
766,25,54,3300
553,35,66,3100
369,13,66,2200
866,18,53,4000
593,32,72,3400
295,52,75,2400
919,40,50,2200
312,12,67,2300
402,19,61,3600
738,36,78,800
780,17,74,3300
656,31,68,2000
264,2,57,200
767,21,79,4000
135,27,79,1000
20,33,67,3300
255,17,60,3900
851,9,52,800
390,38,61,3800
1001,25,53,3600
124,21,75,200
197,17,67,700
191,14,78,0
685,14,72,1400
899,5,76,2000
379,1,58,1500
839,49,70,3100
179,33,74,2700
34,31,56,3900
847,52,78,3700
797,11,72,2400
625,19,65,800
452,46,53,1500
518,36,64,100
583,3,75,4000
285,10,78,1300
765,48,69,3800
672,51,74,3900
777,28,68,4000
756,35,66,2700
378,14,56,2700
407,21,76,2100
461,21,61,1700
822,34,73,3600
226,33,71,1300
412,4,54,0
708,30,61,3500
410,49,75,3800
424,33,70,800
702,43,63,1400
405,19,67,1500
167,27,74,3100
532,13,77,3700
859,6,59,4000
12,25,79,700
543,9,59,1700
38,41,53,1100
45,34,75,2000
240,45,54,3100
137,11,65,2600
818,3,78,3000
276,28,71,3700
816,25,75,2400
25,12,62,1400
765,45,78,100
547,1,67,3400
159,21,55,2200
953,28,78,1000
884,18,72,2100
39,43,78,0
454,17,61,1100
447,41,78,3300
727,42,68,1400
446,48,70,3300
57,36,76,300
920,1,56,200
808,13,57,200
1005,33,74,2100
159,44,64,0
548,33,74,2500
280,32,57,2000
595,47,62,200
362,31,66,2100
174,1,75,1100
618,40,70,2000
829,51,79,2600
691,7,69,3300
987,51,59,1500
315,21,57,100
45,51,59,700
113,11,67,900
709,2,58,1300
840,32,75,0
58,48,80,1500
518,26,78,3900
902,23,73,600
10,16,72,200
928,48,68,2500
212,25,67,3800
311,34,63,2000
714,1,61,3600
640,21,80,2300
497,4,57,1000
696,50,74,600
826,8,69,1500
131,7,66,2900
503,48,76,1000
524,3,60,2800
647,51,50,2600
702,51,71,2300
39,31,75,3800
923,17,61,2900
622,38,72,200
151,25,53,3700
196,4,68,1000
174,28,73,1100
33,47,78,1800
296,11,76,3300
606,32,74,3200
407,2,76,1200
226,47,71,1400
701,41,53,3400
467,24,80,1000
575,7,66,0
186,39,64,2000
801,17,56,1800
964,12,56,2100
250,40,53,3000
332,24,52,2000
971,38,72,0
483,13,57,3100
223,16,75,300
819,37,61,2400
15,3,58,2200
633,12,53,4000
564,20,80,1000
693,40,65,100
174,43,61,3500
179,27,63,100
25,8,75,200
46,1,78,1000
402,47,76,300
881,40,61,3800
587,37,72,3900
765,22,57,3200
397,18,66,1000
397,10,64,1700
708,48,75,2400
634,30,63,2700
105,20,50,3100
900,51,71,3000
917,41,77,2900
127,46,70,2800
161,26,66,4000
534,21,76,700
856,4,53,4000
451,1,72,1500
236,14,69,3700
240,47,60,1800
110,18,62,1800
225,37,77,2000
205,50,79,1600
745,45,70,200
417,10,67,3500
926,10,57,2600
298,15,68,1300
162,51,51,1800
149,48,62,100
204,28,61,3300
814,41,67,1700
916,48,59,2400
958,5,80,1300
538,2,80,2300
673,44,51,2700
814,32,75,1900
772,49,57,100
289,11,65,3700
260,43,56,500
135,28,74,3000
970,4,76,2800
664,21,65,2400
808,29,68,400
562,29,65,1000
351,46,55,3100
348,20,68,2100
759,43,79,2100
956,11,80,3300
757,40,59,500
887,1,60,2400
454,2,68,2700
659,33,66,1500
763,20,76,2600
885,14,70,2100
633,29,76,3100
381,22,59,800
278,27,63,1900
330,15,74,3000
518,16,74,1300
19,12,80,1000
282,12,77,3500
748,50,77,3400
12,3,62,3100
567,23,71,3000
711,26,60,3000
231,21,67,2200
351,20,80,3900
902,3,75,200
714,30,55,2600
789,49,53,3700
507,21,60,2400
147,41,63,2500
60,7,51,2900
168,1,79,0
878,1,75,1100
935,42,54,3000
977,51,52,1900
288,8,72,2300
410,25,50,3300
923,47,69,3100
979,51,71,1700
481,12,50,3200
743,28,67,3500
373,36,66,1400
50,30,52,2300
810,6,53,3500
554,11,65,3800
547,18,55,2200
703,23,56,1900
261,9,74,3100
175,12,62,1700
149,47,69,3400
751,15,66,1600
402,47,73,3300
766,4,79,1200
895,47,66,200
912,28,66,1300
40,12,75,3300
239,25,79,2600
72,46,68,0
308,38,76,2900
548,42,56,3400
441,12,69,400
212,21,59,1300
607,9,54,300
390,4,51,100
938,29,52,2800
130,26,65,300
649,27,73,700
222,9,55,4000
114,46,53,1900
914,23,50,200
436,1,51,2500
683,33,67,1700
596,51,57,3000
869,1,64,400
195,19,64,2500
64,20,67,1000
994,1,73,200
331,36,74,400
225,35,76,2300
583,2,66,1200
111,2,52,800
365,25,56,2500
450,11,79,3100
666,50,56,700
696,49,64,3300
86,47,79,2000
517,44,59,600
732,10,54,3400
156,8,79,3100
800,29,51,3900
389,47,66,0
71,46,77,3300
438,15,59,3100
401,5,55,3400
379,9,77,900
879,33,59,3400
400,1,79,1700
342,35,73,500
50,51,58,900
886,25,58,1700
77,39,53,1100
649,38,50,1900
136,7,63,400
317,18,61,2600
668,24,55,3800
926,25,76,1700
891,48,58,3000
66,42,58,2300
933,39,61,1900
380,44,72,3700
717,27,66,300
348,14,78,1700
532,45,78,1900
897,47,77,3200
1003,37,62,3400
31,18,71,3100
282,27,68,3800
708,26,70,1400
655,1,69,0
247,26,55,1800
617,15,79,3100
471,19,80,400
158,43,67,1300
681,25,51,1400
419,9,64,3400
339,52,69,1800
261,52,59,2200
84,43,52,1200
66,41,68,1000
299,33,77,1200
769,14,59,800
22,50,51,2200
447,45,52,1000
503,18,58,2400
133,42,71,800
993,31,77,3200
860,38,57,1400
963,39,79,2200
544,30,53,1600
681,36,62,2100
397,8,80,1100
230,51,61,1400
789,37,63,700
567,45,58,2100
794,11,62,1300
878,28,66,400
852,3,75,1600
429,37,68,2100
566,3,77,2600
349,26,69,3600
933,17,62,3700
807,2,68,500
137,20,78,1500
655,22,69,3900
834,8,76,1200
563,10,50,1600
29,1,79,2200
168,16,72,1000
552,47,70,3000
560,23,52,900
332,47,62,600
553,46,80,400
470,5,62,1300
855,22,68,2400
61,22,52,3800
465,2,73,2900
896,24,76,2600
636,26,58,400
26,25,67,400
955,25,73,2900
257,47,64,1400
805,28,66,3800
511,43,61,0
61,36,77,900
713,18,66,200
355,17,57,2300
94,1,64,3400
990,22,63,3000
426,47,74,400
46,38,52,3000
421,14,80,2400
788,33,69,2300
548,51,75,3100
68,46,79,2700
615,40,55,1000
16,26,52,1600
176,3,80,2700
879,24,74,600
225,6,50,3200
229,41,61,1400
451,22,52,3500
626,16,58,400
562,13,63,3100
637,41,57,3800
698,48,51,2900
126,10,78,3300
166,47,80,2300
142,24,70,400
234,24,76,3500
503,12,64,2700
543,5,74,3800
185,13,57,1800
94,47,75,1100
897,41,80,300
488,4,76,2100
302,29,58,4000
835,23,66,4000
862,29,72,1100
297,52,58,4000
362,25,63,2900
233,34,50,2800
644,33,73,600
1003,38,79,1700
120,17,69,3300
366,27,68,3200
346,5,69,2700
183,34,76,2800
924,30,63,2200
898,28,66,800
902,20,59,200
257,14,67,1900
256,47,77,1300
870,7,69,3000
673,8,78,3400
178,1,60,2400
977,19,64,1400
922,16,54,800
834,48,50,800
599,28,63,2500
669,18,61,1000
454,22,56,3400
978,23,69,1600
156,50,78,1400
576,47,76,3400
356,43,79,2800
882,11,56,1200
779,6,74,1200
958,6,62,3800
257,22,73,900
451,34,57,700
673,39,52,200
571,35,60,100
824,22,74,4000
757,26,58,100
346,42,57,0
606,6,78,1500
66,38,72,3500
145,52,55,1600
109,13,59,1200
1007,19,64,0
788,10,79,0
557,52,70,200
855,28,51,100
506,7,80,600
774,37,57,100
954,3,55,3000
745,43,52,3000
128,28,56,3200
249,31,60,3600
547,46,72,3300
532,27,69,2400
167,47,50,2700
546,43,76,1700
24,13,60,2000
669,20,59,600
729,33,61,2500
660,45,75,100
450,5,64,3700
901,36,54,2700
840,8,64,1000
788,13,62,900
994,44,72,3700
503,41,80,500
159,3,77,1900
365,15,64,2200
659,32,80,2800
571,5,70,2400
964,5,71,1700
429,2,63,3200
502,3,75,3900
34,19,63,1800
963,6,74,1800
59,42,57,3600
634,22,57,2800
332,6,79,1800
287,23,58,3500
845,5,67,2900
569,27,66,1000
366,10,52,700
761,14,72,700
33,42,79,2100
703,43,73,3400
429,32,60,3800
43,49,59,2000
449,40,53,3600
796,9,74,200
400,49,61,2100
609,14,56,2600
333,44,65,1800
661,43,74,3900
932,4,70,1200
303,45,68,500
464,31,59,3300
49,6,78,300
971,4,71,700
354,4,65,2500
789,23,59,1200
803,9,67,1400
448,32,72,2600
654,40,80,2500
469,9,51,3000
491,31,60,700
395,40,63,2300
844,1,60,3000
567,39,61,2700
427,52,79,600
442,46,54,3700
481,51,61,2700
135,22,77,1300
426,47,70,4000
96,36,75,300
219,33,52,3700
129,26,76,2200
152,22,76,900
447,31,63,100
450,28,67,900
301,18,74,3300
807,15,54,1000
462,15,65,3300
748,47,59,1200
558,24,68,2100
280,17,67,2000
434,34,53,200
99,6,54,3700
140,1,80,1000
742,23,56,4000
715,23,51,2000
432,29,64,3100
841,43,56,2200
889,41,51,600
803,41,51,1000
719,29,74,2100
21,23,80,0
599,24,62,2900
588,27,79,900
199,50,71,2300
473,35,56,1600
669,6,64,700
861,5,72,100
16,29,67,3600
674,15,62,2300
877,24,50,0
948,1,76,1100
552,10,77,200
545,20,79,700
750,3,57,800
229,49,56,3000
90,42,53,2000
188,22,50,3200
850,22,80,3700
191,3,59,800
140,35,67,0
639,17,67,3200
440,19,64,400
940,26,71,3900
688,40,75,2700
781,41,59,3300
957,7,72,1400
588,17,58,600
929,37,63,300
369,22,54,2100
334,24,53,100
407,26,78,1500
773,12,59,1900
200,9,71,1500
623,44,60,3000
850,50,76,200
599,31,61,2700
542,45,75,2400
321,7,55,3600
215,15,76,300
90,10,58,2800
380,19,75,2400
524,41,74,4000
319,19,70,2500
121,9,63,2400
162,22,63,4000
976,33,53,0
558,20,56,0
936,1,62,700
464,27,77,3700
289,12,64,1500
525,13,55,2200
830,45,79,300
166,45,54,2300
1009,34,78,1500
814,34,80,2200
369,36,64,3900
786,6,54,1100
346,44,63,2700
95,38,66,700
877,38,61,1600
251,44,59,100
440,25,55,3100
656,21,62,2300
776,10,73,3900
231,11,57,1800
350,5,59,500
549,26,73,1100
689,20,56,500
401,19,61,3000
999,7,66,1600
420,35,54,2100
710,20,74,1600
533,29,78,1200
457,1,68,500
61,13,59,2500
337,19,65,1000
370,35,71,800
495,34,65,2800
743,52,54,1100
336,14,76,2200
157,50,77,3200
424,20,59,2700
355,25,50,0
554,44,79,2100
703,19,62,3000
635,40,62,3200
967,40,74,3100
405,24,74,400
247,51,70,1800
335,32,70,2200
934,12,69,3700
213,35,66,600
936,12,55,2200
722,44,75,1600
912,48,61,2500
915,11,80,3600
176,47,63,2400
745,33,73,2200
977,28,50,3400
451,47,55,2100
646,52,54,2200
55,28,74,100
162,22,53,2100
112,22,72,1000
619,20,55,300
159,10,76,500
291,1,64,1800
642,14,52,2900
473,5,58,1300
929,36,57,2500
598,32,50,2200
240,29,75,3500
634,50,62,2300
987,30,78,1400
741,48,74,3500
751,51,77,200
117,26,74,4000
482,26,66,500
488,3,52,1100
199,24,62,1100
176,48,65,2000
179,8,70,100
918,17,54,2900
543,49,67,3800
639,35,57,3500
733,31,52,1500
648,15,58,2500
816,22,72,2100
541,33,69,2400
68,51,60,1800
866,45,71,3900
528,34,61,700
302,52,65,1400
657,43,61,500
472,1,53,900
190,33,74,400
312,19,52,1800
590,10,80,2500
962,22,62,3200
940,52,64,2200
219,40,62,2200
313,8,56,3900
254,22,65,3300
773,12,55,1500
315,29,53,3500
953,24,61,1400
230,35,67,3700
706,37,76,4000
234,37,53,1600
358,20,50,3200
361,38,78,700
865,44,79,1600
308,14,52,400
766,18,68,3500
781,42,75,3100
902,15,50,2500
717,4,73,2800
450,50,74,2200
477,45,52,3700
267,20,77,3500
472,45,70,1800
98,47,74,300
565,36,66,1900
725,22,76,3000
269,35,55,700
539,41,65,1700
738,39,54,0
499,25,68,2200
861,43,58,2100
56,18,61,2000
700,15,52,300
561,44,58,1000
175,17,59,700
472,8,62,3900
148,2,69,2500
921,12,66,2600
707,38,54,1800
206,32,79,2400
405,37,77,2700
786,3,80,1900
103,31,58,200
357,39,65,700
733,46,62,3100
251,34,79,1000
814,8,68,3900
152,3,59,1500
71,18,71,2500
224,21,62,3200
536,3,56,1600
533,39,72,500
130,42,78,3600
452,2,51,2700
638,30,51,3200
174,33,79,3500
998,38,76,4000
358,7,63,3400
405,2,56,3900
507,26,71,2600
584,43,63,3600
430,41,65,3000
184,23,51,3300
275,25,62,2700
572,6,60,2600
425,52,57,500
888,5,78,1400
853,9,71,3400
145,3,61,4000
352,15,79,600
738,18,67,0
835,9,57,1100
512,38,67,3900
650,12,73,1800
609,33,58,0
773,7,56,300
789,26,55,1100
782,35,50,1000
452,12,70,0
431,3,75,700
92,39,52,900
457,32,71,300
59,9,73,2200
152,22,71,2300
928,44,69,3900
754,35,54,3400
936,6,51,2800
621,22,69,100
66,37,55,2600
477,4,71,0
837,30,70,2900
249,48,78,1800
982,47,66,3200
231,14,55,500
544,38,57,2900
883,18,66,3900
713,16,64,1100
683,9,72,0
680,32,58,300
258,22,63,2300
171,1,53,3200
577,31,53,0
272,32,50,2400
919,4,64,1500
976,1,65,400
521,41,76,3300
550,25,68,1400
849,47,70,3900
356,15,60,700
832,38,72,1500
565,1,65,300
197,49,51,3100
644,4,56,1200
579,24,63,2400
913,41,55,3600
117,46,55,2000
156,36,59,3700
816,50,58,500
548,32,77,2900
686,13,63,200
720,34,78,2100
344,22,51,2100
57,15,50,3900
953,38,53,2500
67,40,54,800
654,10,72,1500
542,39,80,2100
88,50,70,4000
151,42,54,1600
546,45,66,1800
344,3,63,2900
878,21,59,400
555,22,74,300
1005,28,69,2500
64,5,65,1200
239,34,69,900
509,9,74,1900
12,35,79,4000
527,7,61,1800
327,38,65,100
368,14,64,2200
270,3,63,1700
781,6,65,400
934,27,59,3800
705,19,55,2300
474,29,51,500
437,38,77,2200
917,18,57,200
130,46,73,2700
13,13,65,3100
247,49,55,200
452,39,58,1900
214,19,74,3000
92,10,50,1000
135,7,51,1200
849,7,74,3600
563,33,67,2600
218,11,72,800
288,34,66,2000
304,48,73,2100
478,14,78,3800
883,24,68,3900
774,47,71,2600
166,15,55,0
619,43,70,400
536,48,54,1900
865,38,75,1400
966,5,66,1400
661,29,54,3000
161,40,68,3300
607,34,52,3200
633,7,77,1300
428,23,68,3400
60,48,71,2600
793,42,50,2400
29,45,59,900
424,42,59,2400
56,16,73,700
361,21,72,3500
918,35,57,1400
147,32,58,600
42,44,69,1200
138,26,55,2700
149,1,71,400
119,13,53,2000
654,18,54,3200
373,23,76,500
440,4,64,3200
223,25,55,400
958,25,60,200
909,50,69,2300
909,52,80,3200
833,10,55,100
628,37,62,1300
228,27,71,2300
269,17,73,2800
662,2,80,3600
386,17,69,3000
174,19,78,1600
911,41,51,2600
949,51,69,4000
506,36,73,2100
485,36,66,2700
823,26,69,3600
748,15,74,3700
522,20,59,3200
985,8,53,4000
614,12,69,3300
518,5,72,2400
836,45,68,900
943,37,58,2400
635,14,69,600
398,39,78,2300
257,20,76,3300
356,6,53,2100
223,48,57,500
754,52,76,1400
724,15,63,2900
314,38,63,500
798,18,66,1500
469,1,73,400
652,25,66,1200
371,28,75,3700
679,39,62,3400
303,50,74,100
568,1,55,900
702,23,67,500
397,40,58,300
978,18,76,300
581,18,73,2500
273,39,60,300
211,2,73,1500
934,21,80,2800
480,31,64,1800
157,51,79,2100
613,44,57,3200
132,49,73,1700
962,51,64,700
396,34,55,1100
125,45,61,1300
672,47,57,600
566,33,75,3000
700,30,76,1500
118,7,56,500
902,20,77,3900
868,39,73,3700
120,34,51,3400
359,47,77,2300
496,5,53,3200
170,9,72,3500
857,14,74,200
866,12,60,2300
22,49,50,3500
702,39,50,700
776,44,73,0
797,8,57,2600
105,16,66,1600
889,48,73,1200
521,33,75,900
987,41,61,0
448,24,63,4000
456,34,54,3500
284,33,73,1600
166,46,76,1100
674,5,68,3400
458,51,68,2200
504,47,66,3900
422,6,64,1200
876,8,77,1500
333,5,65,1900
644,36,70,2900
813,3,55,4000
93,29,74,4000
282,2,57,3200
480,44,66,1200
910,4,72,1300
852,29,60,3500
783,15,77,1800
299,38,71,800
939,33,58,1100
956,33,75,3500
840,11,55,500
103,8,61,3100
245,47,69,3300
940,17,52,3700
751,40,78,400
445,33,79,1000
381,7,54,1600
890,20,51,300
534,4,52,1300
187,22,58,800
357,20,63,1700
165,14,55,800
58,11,73,3900
540,37,74,2000
45,16,57,700
801,10,52,500
219,52,54,2800
496,32,58,2300
984,49,55,3300
46,42,62,500
936,44,65,3400
399,39,59,100
613,8,53,2400
136,6,54,3100
574,3,62,1900
546,4,68,3900
642,26,53,3000
215,46,56,1700
793,15,65,3900
105,34,78,1800
962,50,79,800
624,8,57,100
207,18,63,3800
67,13,52,100
520,46,61,1500
452,18,58,1500
272,35,78,2800
93,39,60,800
878,19,55,3200
673,46,57,1900
281,28,73,700
891,33,50,1900
356,42,74,0
620,15,60,3600
186,28,71,1700
948,19,70,1000
816,1,55,3000
32,2,80,700
739,7,68,2900
455,15,69,1100
418,23,61,2300
474,34,64,3000
644,40,63,2800
300,44,68,800
15,27,61,4000
319,40,75,2700
577,8,70,1000
39,4,79,500
986,40,55,2300
538,22,53,2100
877,30,80,600
464,11,74,3800
995,9,52,1400
988,29,71,500
211,1,72,2500
723,13,79,2700
698,42,76,700
21,47,53,400
408,24,50,1400
395,25,53,3400
20,6,51,700
230,30,53,3800
258,26,65,100
201,31,68,2400
882,31,76,3500
716,42,55,800
758,45,53,4000
122,50,51,1100
175,22,56,2100
945,11,69,1500
854,38,52,3200
732,14,50,2200
451,49,59,3000
681,24,66,300
323,29,69,3700
168,10,80,3400
59,4,61,1800
118,33,77,1700
211,50,79,3400
596,45,54,1300
173,19,51,3400
357,35,77,1600
889,28,71,3000
851,52,54,800
624,33,62,2400
471,28,54,700
772,13,70,3400
174,26,59,600
941,22,52,1400
444,24,74,800
277,50,59,1900
199,48,72,3800
786,16,52,1500
617,2,79,2300
493,3,68,300
133,43,73,2100
759,23,66,2600
451,31,52,2500
906,18,80,1100
681,18,52,3300
866,19,51,1800
403,38,60,200
768,50,63,2300
529,25,66,3600
930,5,54,300
136,13,74,0
460,27,65,1400
300,20,53,2600
41,29,60,1500
663,7,76,3700
520,45,79,1400
565,48,51,1100
977,14,52,500
984,5,51,2300
113,31,66,3700
826,45,68,3700
208,43,68,0
129,48,53,200
566,18,79,900
50,38,61,700
70,16,79,0
198,15,54,1100
338,51,64,1100
742,32,63,1900
665,34,77,3600
525,16,80,2200
821,39,75,2300
82,44,70,4000
914,19,70,2900
95,22,76,1000
960,24,69,3200
720,4,53,200
514,14,65,100
426,31,72,200
667,27,80,900
168,21,72,2300
554,37,55,3300
189,47,76,1000
318,32,55,2800
424,15,64,3800
277,51,77,3800
943,47,79,3200
430,17,51,4000
441,24,60,700
120,51,70,3000
174,20,56,300
699,11,70,2400
36,39,58,400
581,38,78,3400
267,5,63,3900
340,48,78,2100
945,8,62,400
775,43,63,800
43,47,53,2800
276,35,64,3700
767,11,75,1500
778,3,68,3700
656,37,74,2200
842,49,50,3400
945,46,78,3200
56,12,69,1700
858,33,53,3400
930,12,51,3700
82,15,55,200
45,50,77,800
162,23,77,500
566,29,59,200
849,23,56,1200
920,37,71,2500
753,2,73,2500
961,46,79,3400
531,19,77,900
54,1,69,700
657,46,65,2200
420,16,72,1200
441,46,66,2400
799,2,72,4000
921,10,51,3700
342,5,79,2700
299,29,76,3100
1007,26,61,1600
355,27,78,800
793,20,76,0
32,44,63,1900
956,26,72,1100
447,37,78,2100
953,27,63,4000
370,21,73,2100
994,36,50,700
540,2,73,300
124,28,63,3600
675,32,61,1500
354,5,51,2000
447,40,52,3000
824,42,70,2600
702,10,73,1700
34,14,62,1400
827,49,80,1400
145,45,59,1200
56,37,74,0
121,49,60,4000
685,43,78,1100
782,31,60,1800
915,29,50,1400
208,50,74,2400
321,48,52,4000
973,4,55,1500
117,19,74,3100
942,51,71,1100
224,38,58,3900
380,3,74,900
713,11,64,1200
976,40,64,800
627,49,67,3000
690,6,70,3600
841,4,52,3000
291,33,64,200
701,34,52,2200
178,24,65,3400
822,48,54,3800
919,43,69,3700
635,24,64,3100
63,34,63,4000
335,10,71,600
218,34,70,2600
34,7,55,0
910,37,58,1400
408,13,72,1500
455,29,56,900
102,37,62,3200
261,25,62,800
78,46,59,400
826,49,66,2500
842,39,71,1600
100,36,66,2800
725,30,62,4000
136,33,55,1500
397,5,63,3700
495,40,63,2600
544,4,53,3600
609,10,73,4000
95,46,62,1300
745,31,51,3800
739,22,70,2300
529,18,56,100
702,38,65,1500
251,22,76,400
512,5,68,700
378,38,62,900
564,26,55,900
371,20,66,1200
200,50,51,800
997,10,60,1400
101,35,56,500
890,17,70,2100
656,36,74,1600
16,21,70,3200
610,24,75,1900
571,1,77,3500
438,47,77,1900
984,42,77,3000
64,43,58,3400
15,28,69,4000
889,2,72,2900
353,27,66,4000
468,8,50,500
411,5,53,2800
888,40,79,100
412,44,72,2100
108,22,64,2300
545,19,58,4000
207,52,75,1500
294,33,53,700
604,14,76,1000
467,1,76,700
369,10,66,3800
104,16,58,600
543,51,53,800
244,9,62,1400
680,37,67,2000
579,5,80,3100
696,26,71,800
971,19,59,2800
42,37,73,100
895,8,67,3600
118,11,64,1500
560,50,62,3200
324,24,53,100
592,40,79,4000
745,4,73,3000
491,42,52,2700
72,24,53,600
87,25,62,400
263,26,51,800
250,20,58,2400
767,31,57,2700
173,43,50,800
154,13,64,500
139,12,62,1600
630,52,64,3300
962,25,61,2500
881,23,74,300
324,10,76,2400
357,51,67,100
707,12,65,3400
568,1,65,3600
83,12,57,1700
58,28,50,2000
1009,31,68,2400
718,14,56,3900
52,8,57,3600
200,17,80,1400
982,2,69,1700
73,49,54,1200
882,52,78,100
867,6,63,1300
310,1,72,1800
281,47,77,1500
386,22,73,3900
481,49,54,2300
727,10,55,2200
28,8,78,1000
418,3,57,1300
970,6,79,1300
726,48,68,200
623,49,75,2300
1003,2,62,3800
746,35,52,1900
819,50,55,3100
616,24,56,3000
484,15,66,1100
795,4,58,2000
861,34,53,3800
207,33,68,1500
48,41,70,1100
78,41,76,3400
944,46,80,1600
961,5,72,1000
416,26,76,2400
415,32,64,2900
859,47,51,1900
523,41,50,2300
302,46,51,500
180,4,66,1200
574,49,68,800
280,3,75,2700
279,48,74,700
703,50,67,3500
123,7,72,1500
725,31,72,100
67,23,67,800
898,52,75,3900
707,4,65,3200
444,5,59,3300
335,49,64,3400
762,16,57,2200
370,5,71,0
260,26,76,2800
700,14,69,4000
187,7,80,300
521,49,55,3900
794,33,54,3500
152,13,61,2500
464,47,59,2900
987,24,56,2000
322,37,51,2700
581,18,70,1400
956,49,59,1200
479,28,57,700
545,37,60,3500
931,9,50,3800
397,38,70,2800
999,18,63,3200
461,23,66,2600
954,8,80,1600
263,8,79,1400
542,50,71,2200
768,52,55,1100
183,52,67,700
568,44,66,500
383,19,76,1700
434,9,72,3800
811,12,57,600
170,28,77,700
881,30,58,900
571,42,61,2100
301,6,55,2700
749,7,74,1600
488,40,54,2500
725,44,70,2500
115,5,56,900
501,21,51,2700
695,11,77,2400
197,39,57,2100
741,31,76,1500
835,25,52,3700
368,41,77,900
271,34,66,2800
799,28,76,2500
649,19,67,600
278,10,50,2400
560,22,56,3100
68,16,57,1300
338,30,70,1200
866,45,79,3000
104,12,80,2300
563,47,61,1600
554,42,64,800
875,23,78,300
334,5,78,1100
97,52,50,300
335,52,50,1100
45,32,67,2200
159,7,60,2400
968,18,58,900
511,48,53,2000
406,10,50,1800
675,11,58,1300
254,1,59,100
999,12,71,100
377,1,66,300
731,40,69,3200
837,17,61,0
958,44,78,1900
111,47,68,900
76,31,66,2700
783,46,61,400
916,43,70,3200
109,38,59,800
996,27,50,1400
706,26,55,2800
164,5,53,1200
980,2,53,1300
131,13,68,2100
334,51,58,1000
245,31,51,3600
491,4,51,1900
938,51,64,1000
490,3,63,900
392,37,75,2300
826,14,70,100
500,43,80,1800
56,35,78,200
205,12,72,3600
509,47,80,1200
917,5,64,2100
567,22,72,2800
161,17,70,1600
907,36,74,3100
515,41,53,200
928,51,74,900
341,29,76,1800
444,11,75,3400
473,1,50,3600
33,18,59,1500
713,7,62,2100
304,48,65,100
64,18,78,100
403,4,53,500
722,20,53,1500
482,37,56,2000
898,5,60,2100
410,29,52,100
594,7,80,3200
971,18,64,3100
928,40,61,500
651,18,50,3200
1002,45,57,200
431,10,63,2700
507,51,59,700
505,51,52,1500
422,49,75,100
987,29,67,1200
320,43,79,2900
456,50,73,3500
793,19,58,2200
543,51,74,400
112,43,52,200
437,37,61,3400
938,14,78,2700
742,45,67,1900
112,4,68,2100
215,6,71,1800
221,44,51,3900
189,49,57,100
494,33,72,2500
559,2,50,2200
437,13,53,1200
843,3,57,300
828,30,50,1900
818,41,65,3800
251,32,75,1100
554,50,66,2400
499,22,73,4000
308,40,67,2200
799,37,70,3900
491,23,67,2200
656,15,71,2100
299,18,70,500
148,51,59,3300
590,45,78,400
233,49,75,3800
672,51,51,500
881,16,66,2900
585,25,58,100
38,1,55,100
46,47,67,400
132,33,62,3900
727,22,62,3400
33,14,76,1900
397,26,80,600
439,2,71,2000
767,14,50,1900
54,34,71,2300
170,8,63,400
500,24,57,200
699,33,62,3800
95,12,69,3400
61,39,57,1000
987,39,52,3500
404,4,70,3500
268,42,61,400
42,39,58,1600
687,17,70,2600
891,42,72,1800
879,14,69,800
990,20,61,3700
336,16,54,100
734,35,73,2400
913,52,72,2100
285,15,75,1700
640,25,65,200
91,2,72,4000
25,32,58,2500
683,7,53,2000
712,52,60,3900
605,17,68,200
262,13,73,700
845,49,73,3200
826,48,58,2000
473,28,72,2800
264,12,58,1000
262,1,50,2700
724,18,69,1600
279,44,58,2600
767,4,76,2600
902,32,61,500
75,10,61,3100
249,4,77,3100
400,3,55,100
720,49,76,3400
400,29,50,100
848,52,61,1400
448,52,61,3900
451,30,53,1900
145,28,60,600
283,49,56,3800
84,24,72,1900
33,18,64,3000
756,20,63,900
634,18,53,3100
35,21,73,3800
210,33,63,1500
210,15,51,2500
344,3,53,2600
894,4,58,900
71,3,76,3000
419,18,57,3100
172,44,63,2800
535,2,59,1300
95,16,75,1500
726,27,69,2300
320,39,60,600
251,45,54,3400
267,42,62,2300
153,33,54,4000
140,27,59,1700
274,7,65,2000
862,20,51,2500
268,18,70,2200
379,19,51,700
826,17,75,2500
205,2,61,2800
143,45,72,1300
271,44,78,2400
283,23,54,2600
464,4,59,1300
680,1,67,700
853,20,54,400
52,1,76,4000
758,51,52,2200
274,49,80,3400
225,48,77,3600
380,42,50,3700
655,37,65,200
148,19,80,2600
869,25,58,3200
25,38,72,1400
660,39,58,1300
38,36,52,1900
513,46,65,2500
423,51,57,1100
302,25,55,1800
370,26,71,2300
744,5,58,2800
374,9,55,2900
808,28,65,2000
772,47,66,2400
412,33,78,300
270,9,58,900
103,52,52,400
675,26,67,900
910,19,78,500
452,18,77,2300
323,33,68,2600
35,46,71,1100
542,20,63,3900
501,14,71,2000
499,2,70,300
377,38,79,2500
987,22,55,3600
785,8,62,1400
1002,27,78,3800
770,41,73,1300
614,18,65,2900
89,27,51,2100
12,17,75,1400
668,31,60,2600
783,26,62,3300
361,35,76,3000
496,3,59,200
77,22,52,3400
553,45,52,700
110,29,71,1600
971,44,80,1600
280,16,59,2900
351,48,68,3500
618,30,74,4000
45,29,61,1100
936,43,51,1400
963,47,64,300
529,22,52,500
500,11,76,200
705,22,54,2500
317,24,53,2600
539,45,58,2500
1001,44,54,1700
859,50,65,2600
168,39,57,1700
740,50,67,1000
543,32,74,3600
515,9,72,300
619,37,75,2500
938,45,75,100
398,24,60,3400
59,39,63,1000
624,38,78,3600
334,27,51,1000
867,4,68,2400
916,2,66,2300
154,14,55,400
203,46,73,500
54,29,73,3900
844,48,52,1800
587,6,57,2500
224,49,50,2500
589,5,59,800
908,1,67,3200
764,4,53,3200
784,20,50,300
558,48,51,1600
165,2,79,3700
462,30,65,1500
567,13,66,500
320,7,73,3000
65,6,63,1500
375,21,65,1700
393,35,61,600
514,13,58,600
804,42,55,2500
387,51,78,1700
131,5,53,100
24,29,53,1600
710,25,50,1300
819,43,75,3500
929,26,73,3600
824,36,52,0
136,6,58,1500
132,27,52,1900
57,18,79,1700
775,51,65,3900
474,22,69,3700
241,17,62,2300
540,24,68,100
686,16,63,300
718,26,76,1400
522,39,79,1400
927,21,75,3600
341,25,75,800
918,5,52,1200
678,2,75,1100
947,7,77,1500
340,12,61,1700
867,4,58,2700
387,48,61,2300
464,6,55,1200
149,26,66,2100
729,51,61,3600
767,36,64,3400
512,49,66,3800
60,30,65,500
156,1,67,3500
61,47,59,3600
441,13,75,3700
660,2,55,3500
409,1,60,3500
219,1,60,2400
338,51,79,2400
785,9,74,100
483,22,79,2600
1008,43,77,2800
688,36,71,4000
884,50,50,2900
811,45,74,2400
786,32,63,1000
398,33,52,2400
524,45,74,200
807,42,69,3200
960,52,62,1400
16,15,64,1500
697,44,77,2400
781,38,60,800
26,20,74,3800
889,7,65,3500
937,35,50,1700
137,13,74,300
308,24,50,2100
598,46,76,800
923,49,52,3200
669,24,75,2300
499,8,76,400
472,16,62,900
235,47,75,300
124,3,62,300
190,44,57,400
557,19,63,3900
632,49,71,3400
951,36,66,400
451,47,60,3700
179,39,72,2800
908,33,75,2100
843,51,77,0
768,31,58,1900
994,23,75,3000
254,18,72,3300
92,29,61,1600
281,29,72,3100
110,15,52,2100
610,8,57,1800
94,6,55,700
956,12,63,2100
586,45,57,600
79,30,50,1800
104,28,58,2200
17,24,56,2300
264,12,55,0
958,5,71,1500
687,21,65,1200
837,5,68,1200
369,16,54,1100
714,1,64,3600
89,22,79,2300
665,27,50,4000
839,3,54,100
353,37,56,1600
844,1,57,1100
683,1,53,1100
424,18,56,1200
448,49,62,1300
34,20,55,200
584,5,63,2800
788,9,67,800
422,29,72,1300
307,6,55,3400
626,45,69,1100
545,41,71,300
420,41,51,500
372,35,51,1300
944,36,75,3200
848,52,53,1700
350,38,67,3800
511,41,60,1200
874,52,56,2100
252,3,61,3300
291,52,77,700
275,20,53,2000
219,16,74,1400
816,34,54,2200
172,19,62,2900
582,37,60,900
959,7,54,700
106,8,64,2500
878,31,70,4000
618,51,75,300
799,48,63,3900
100,33,53,1200
725,17,63,900
955,47,52,700
490,43,71,2600
316,28,66,1300
718,10,63,300
343,1,72,1200
275,13,55,1900
709,30,54,200
456,47,74,900
206,21,65,600
937,33,79,1700
343,2,76,1800
205,37,53,800
408,24,72,0
763,28,77,100
665,33,62,700
889,34,76,1900
64,36,56,3700
19,42,51,200
259,9,52,300
193,33,61,0
957,12,57,3000
946,48,67,1900
673,1,55,2900
562,43,53,3600
375,12,53,800
946,23,63,3700
546,8,73,3900
684,42,67,1600
702,26,63,400
68,50,71,1200
974,22,79,100
471,20,54,700
971,35,79,2700
397,52,58,4000
960,42,53,4000
710,21,64,2300
279,32,65,3400
946,41,52,800
561,31,79,1200
445,52,52,3500
264,41,56,1200
21,27,54,2000
815,51,80,2600
102,50,70,1100
846,4,80,300
403,12,51,0
263,21,64,2100
322,34,78,1000
681,7,79,1500
847,12,61,3900
87,30,60,3600
419,50,77,1500
215,37,54,1600
841,33,53,900
374,27,56,2500
595,26,72,1900
410,3,75,1700
767,43,72,3700
800,26,77,1700
753,25,74,3900
769,11,75,3300
1005,8,76,2700
500,40,62,1900
511,24,77,3700
260,15,78,3400
818,36,54,2900
238,15,54,2100
717,7,50,0
835,52,66,0
338,16,76,2500
331,32,78,800
695,25,79,2100
153,32,56,100
150,2,64,2000
824,29,67,3400
879,36,67,900
286,38,72,200
677,30,75,2000
74,23,79,3300
841,39,58,4000
19,19,71,500
306,7,70,300
35,16,57,2100
600,24,52,200
651,28,65,2300
887,6,65,3800
599,33,71,3600
933,51,74,4000
21,52,60,3900
731,33,63,2800
115,2,77,800
62,13,54,3200
31,8,67,2400
459,20,57,1000
149,19,53,2100
243,47,59,900
219,18,73,1900
986,8,60,600
79,39,70,2800
19,49,77,500
676,24,74,3000
847,48,61,300
182,25,62,3300
527,47,80,100
434,33,69,600
141,27,72,3700
148,13,80,300
576,5,54,3900
422,28,51,500
312,19,66,800
261,11,67,3000
72,52,51,1000
340,47,73,1000
108,5,63,1900
806,12,58,3300
79,26,61,3700
78,16,71,1900
482,37,76,1100
474,17,51,3500
789,7,53,2400
518,31,62,500
909,38,63,400
555,42,80,3700
638,22,51,2700
280,23,57,300
298,16,54,3300
23,52,61,1700
473,12,60,2400
709,30,66,2900
404,37,59,1800
226,4,63,3000
558,24,52,3600
420,13,60,200
518,48,75,900
270,5,66,2700
896,49,56,3900
919,19,66,100
356,26,74,2100
453,26,79,2000
619,48,72,800
963,32,75,3500
700,15,75,900
747,25,80,3100
550,43,62,0
320,7,57,3600
299,4,63,2500
226,42,53,1500
670,35,69,2000
994,6,76,200
456,20,65,2900
309,20,67,500
186,39,74,100
769,22,79,2900
813,29,63,3100
71,33,76,2800
738,13,71,3600
648,37,67,2900
384,47,57,3700
802,34,75,3700
642,9,68,1600
445,7,76,600
953,25,76,0
946,26,71,3200
443,1,68,3000
166,48,77,100
643,1,56,2200
213,9,72,2800
270,6,70,1100
147,16,61,3600
140,34,56,800
709,38,66,3900
107,16,70,3700
39,16,64,3200
355,15,56,2500
242,6,53,2000
434,49,72,1100
812,36,52,1300
50,22,76,400
740,5,64,3000
558,26,72,3900
281,7,74,2600
758,28,52,3500
804,51,71,500
861,14,51,300
830,20,67,3500
730,34,69,1700
15,14,80,1300
326,18,79,4000
607,35,56,4000
885,9,68,2000
660,17,51,1500
462,22,67,1000
109,38,58,3600
921,46,60,2100
320,15,65,1000
550,6,56,2700
892,14,55,3500
664,14,72,1200
908,43,54,2300
377,20,58,2500
556,21,69,3700
350,52,79,2000
281,42,63,900
592,4,69,3000
650,52,73,2700
734,4,55,1800
281,32,67,1200
74,39,66,3800
472,46,80,1600
514,12,61,1900
443,32,66,4000
607,2,62,200
926,11,62,2400
577,22,74,900
107,3,56,2600
691,51,56,200
602,24,72,400
450,49,60,1800
178,48,67,600
764,39,61,1000
829,7,59,1100
523,9,50,800
120,12,55,2900
925,12,76,1500
291,26,58,2100
416,39,55,3800
19,27,65,2200
581,15,63,100
491,51,54,2300
571,29,75,600
999,29,80,2800
673,38,76,3100
981,21,51,3600
157,28,59,1600
796,12,67,2400
806,29,76,2900
498,49,63,1400
49,15,53,2100
549,48,59,1200
342,52,55,3600
992,23,62,300
453,45,58,1400
973,41,73,600
627,40,64,2100
248,17,69,1200
542,26,75,300
941,48,57,2900
855,26,57,3200
89,44,54,1100
35,15,50,1800
356,39,79,2400
727,52,73,2100
987,32,56,2400
152,8,66,2400
529,18,56,2000
736,20,60,3300
577,50,73,1400
556,37,73,100
552,18,77,700
536,37,60,2600
854,16,72,1100
627,48,67,3600
99,33,57,1900
495,2,63,2900
227,24,57,700
528,34,73,2500
995,7,63,3300
996,27,56,4000
139,15,57,100
663,36,70,400
77,7,72,2100
289,39,77,900
282,26,72,2100
876,24,64,100
387,25,80,2500
661,26,79,2400
780,36,52,1600
274,47,57,100
736,31,53,700
847,17,64,1600
412,10,52,100
436,24,52,3800
941,18,79,2700
385,21,57,4000
540,40,74,0
789,29,55,100
952,27,57,1500
755,22,51,1100
810,29,75,4000
195,18,66,3500
278,39,64,1800
455,25,56,100
496,17,61,900
211,2,79,1600
687,41,57,300
74,27,57,1500
681,17,57,2900
825,5,67,1000
180,29,50,200
704,24,65,2400
314,4,61,400
973,49,50,4000
934,44,61,2400
657,25,72,1900
881,32,59,2200
813,22,74,2600
749,3,78,3200
241,1,53,3400
177,31,70,2500
588,39,63,1700
878,26,73,3800
544,7,52,1800
351,52,61,3700
62,31,65,2700
802,40,73,3900
67,12,56,2500
316,50,65,2300
20,18,80,3200
851,14,67,2100
812,4,61,1000
824,52,78,3000
549,31,64,3000
39,43,51,900
396,18,55,800
474,50,67,2400
212,45,66,1500
287,40,62,3300
103,48,52,2800
184,9,71,3500
452,18,56,300
955,29,74,3600
693,39,61,2400
441,5,75,3000
397,23,53,0
677,50,64,2500
949,40,57,3700
399,12,57,1300
919,15,56,900
744,23,65,3300
677,26,61,2400
228,11,65,1000
197,38,66,2600
49,42,59,1400
332,12,55,2800
198,1,69,3900
444,48,66,2600
291,5,80,800
911,30,79,3000
929,44,59,2800
796,21,55,1900
263,10,62,1500
178,50,70,400
890,2,79,2200
795,45,71,900
894,48,52,2300
191,51,73,2800
213,5,63,500
554,34,64,1100
772,12,74,4000
643,27,64,2500
204,48,51,400
819,38,69,3700
306,47,67,2600
730,25,67,0
698,35,77,2800
229,19,78,3600
182,3,74,3600
821,14,78,1800
24,25,70,3100
220,29,50,2300
291,48,57,3400
955,21,74,3800
1004,14,57,3200
450,48,72,3100
965,23,80,3700
345,8,64,1100
31,16,75,2700
608,48,58,2500
643,26,70,800
578,28,60,3200
35,8,55,1900
656,38,54,2200
277,41,67,2300
44,24,52,3000
753,12,56,300
867,50,58,2000
916,34,61,0
687,34,61,3100
502,35,77,3600
502,22,78,500
974,51,73,1600
879,30,65,2700
593,8,67,1000
194,22,50,3600
370,45,75,1700
736,9,75,600
843,23,71,4000
303,31,70,1800
38,26,50,1700
638,25,70,2000
206,41,74,100
85,39,79,1000
868,33,66,3400
185,46,74,2900
825,34,51,3400
776,31,75,800
123,19,52,600
144,24,59,2300
885,44,67,700
736,13,64,4000
978,20,63,2800
120,26,77,3900
245,37,58,1000
867,9,57,700
375,31,53,3000
766,35,66,300
297,25,75,1000
339,18,64,1500
496,37,75,2800
447,1,59,3900
706,51,66,300
703,16,67,2300
391,1,77,2700
302,12,79,800
632,30,76,3300
578,35,61,3100
123,47,51,3900
263,13,58,400
79,23,66,1600
875,22,74,3200
593,22,63,200
987,52,75,1500
236,21,50,1800
810,9,68,2100
523,31,79,2500
264,45,56,4000
117,51,73,1300
500,5,51,2700
1003,34,70,3700
171,36,62,2500
918,43,62,500
656,25,70,100
333,27,79,2500
122,30,61,2500
624,31,60,2900
246,8,50,200
1004,30,75,400
452,8,72,1600
799,30,75,2600
390,34,59,1400
885,26,69,2300
916,49,70,0
209,28,73,3500
737,6,50,300
997,15,70,3400
436,9,65,4000
909,11,61,2700
431,46,78,1800
828,35,62,1000
867,22,62,1700
729,32,75,2100
659,35,65,1900
879,34,59,3600
15,12,72,3700
627,28,64,900
581,20,53,2200
272,16,76,1000
620,50,74,500
382,41,63,1000
202,36,78,900
934,34,58,4000
873,43,55,3700
188,3,64,2500
46,23,63,4000
539,19,55,2500
494,2,68,2700
262,23,59,0
485,40,79,3400
331,29,75,2200
940,29,80,1200
479,31,52,600
923,50,72,1800
550,47,54,2500
890,50,56,2100
456,8,80,1200
299,46,67,1500
67,21,65,1900
330,16,78,1000
903,28,59,3700
166,36,60,1500
141,39,68,1000
595,5,56,1500
453,17,64,2800
295,13,79,1700
177,33,65,2300
120,11,55,3000
205,26,62,1300
706,26,64,3900
289,12,57,2600
375,50,75,200
279,35,79,800
749,15,63,3300
200,7,78,200
629,29,54,2200
973,12,74,1600
385,31,67,3000
632,35,60,3600
889,12,78,2700
710,36,57,1200
230,14,69,1800
831,20,65,1800
372,27,62,2200
905,3,68,1700
586,13,73,1200
178,14,53,2400
94,39,59,900
394,5,77,3300
342,37,70,2700
403,11,62,1800
128,34,61,0
608,12,51,500
669,47,78,1200
125,2,64,600
231,15,76,100
952,7,67,3100
799,50,76,1300
359,17,60,2200
588,48,62,500
433,11,53,3000
601,6,77,1200
304,47,79,1300
947,42,62,500
151,6,70,1700
418,50,74,3800
644,48,78,2900
982,45,65,1200
551,39,69,3100
660,14,56,500
612,42,69,2400
463,26,65,2000
562,35,66,4000
719,8,56,2800
234,2,80,1500
153,23,51,1500
153,38,66,2000
573,32,77,3900
821,33,78,3200
181,22,60,2400
185,37,80,200
68,42,64,400
959,51,50,100
556,13,55,3400
859,30,54,2000
979,17,51,3600
419,13,79,500
476,28,74,700
154,44,57,3300
670,51,76,2500
598,24,69,3600
801,36,55,1600
558,12,56,3500
612,27,50,2400
98,15,59,900
459,26,62,4000
169,24,61,500
873,41,60,2500
254,39,67,500
268,45,74,2600
363,35,55,400
260,43,55,3500
887,42,74,4000
969,50,60,1300
802,41,50,2000
964,21,59,100
181,31,72,2600
227,44,64,2900
488,14,52,2100
538,41,62,2600
928,36,51,700
575,44,50,2300
23,29,64,3300
373,25,78,1300
531,23,64,1600
485,32,71,2700
728,19,74,2900
426,43,55,2700
870,38,69,3100
164,28,64,2100
879,52,67,1100
578,40,64,0
915,51,54,600
139,13,68,2300
535,24,64,3200
798,27,52,1400
890,9,64,300
514,42,60,2300
289,11,62,2500
933,46,74,1400
792,4,50,400
401,26,77,1500
826,3,70,300
840,29,54,3800
838,39,53,2000
316,11,63,1200
158,29,60,2100
214,40,80,2500
466,11,76,2700
425,43,52,700
875,5,65,3700
902,15,56,900
401,12,56,3300
698,17,70,3600
361,48,66,600
951,13,64,1500
687,44,74,400
149,47,53,700
732,45,79,1200
405,51,53,2000
745,41,74,1300
127,25,55,2700
874,2,67,1100
246,32,52,4000
104,15,79,1300
691,31,66,2900
459,50,73,2200
752,10,54,700
691,3,69,1300
297,47,67,2300
915,49,60,3600
177,48,50,900
125,16,51,2000
258,51,73,1700
67,6,63,700
771,8,73,600
379,1,77,100
722,22,68,3400
966,32,69,200
921,17,76,1100
338,36,51,800
865,12,56,2300
299,39,77,600
285,15,58,3800
82,34,54,600
704,37,51,3000
216,41,73,1200
369,27,77,1600
772,41,57,100
734,36,58,200
832,8,66,3100
392,32,76,300
924,49,56,400
955,28,56,500
970,12,66,1200
597,47,53,3600
500,1,67,3700
643,33,70,3100
623,2,63,1400
378,17,70,2400
21,46,58,2500
47,21,51,600
115,32,70,100
337,33,78,1000
491,23,67,1500
356,41,51,1600
220,43,73,2600
925,8,70,600
335,14,74,3800
863,51,52,1900
870,16,53,3000
869,52,62,1900
825,43,57,900
43,9,54,1500
325,38,76,1100
452,30,62,3100
300,38,62,1500
964,43,67,2000
261,46,78,2200
578,25,77,2500
456,34,75,2900
525,22,52,2700
260,39,77,1300
760,52,56,2700
989,52,65,3000
254,2,77,1600
387,42,62,700
982,29,76,4000
965,4,57,1000
316,34,76,1700
151,45,80,3200
783,42,75,100
850,15,55,2700
789,28,61,200
824,11,67,3100
366,29,61,3300
656,23,59,900
159,26,56,3300
535,20,75,1000
970,17,73,3500
765,8,66,0
927,24,73,3700
496,26,50,3500
26,30,72,100
102,2,50,3600
101,26,54,900
844,29,78,300
656,29,60,500
647,45,72,300
149,20,65,4000
138,32,65,2100
718,3,78,3000
122,18,75,100
629,27,77,4000
777,9,58,400
180,43,57,1200
287,50,70,100
784,49,65,0
148,50,72,3900
771,44,71,3300
668,39,64,500
853,26,54,1700
870,50,78,100
991,7,57,300
683,34,52,3400
624,15,61,3900
319,16,66,900
766,34,69,2100
944,50,52,3800
806,14,51,1200
889,42,80,2500
672,45,68,4000
45,46,59,800
494,52,74,100
480,48,61,1600
426,47,55,300
758,15,78,2900
68,43,63,3400
22,26,56,2900
601,29,53,300
65,9,67,1300
612,45,53,400
59,30,80,3100
356,42,56,2600
854,43,50,2100
974,34,74,1700
760,12,56,2300
445,29,76,700
325,32,58,4000
291,21,53,800
753,16,79,3400
382,15,66,1600
888,33,74,3800
520,24,68,200
504,15,62,2000
942,49,62,3500
91,47,72,2600
125,26,56,3400
427,14,63,3900
646,15,67,2700
236,29,71,3200
334,42,69,1300
308,15,70,2400
904,39,68,700
172,18,76,3900
75,46,55,700
689,41,80,2300
205,25,61,100
664,39,57,1600
374,4,74,1400
946,16,70,1400
576,30,63,2900
701,35,72,900
691,45,60,3800
220,23,73,2600
182,8,54,700
713,25,76,3000
594,18,72,900
530,8,74,2800
986,37,57,2600
355,31,60,1500
756,51,63,2500
655,31,62,1100
182,34,76,1600
312,31,58,1300
926,32,56,2200
807,16,64,3700
904,11,60,300
39,2,57,1300
706,27,78,4000
636,17,62,1600
889,11,77,3100
460,10,60,3200
905,48,54,1700
981,16,57,3000
246,15,79,1000
981,30,57,1000
82,16,79,800
778,9,62,600
389,46,80,1100
650,37,78,2500
986,29,54,4000
266,15,57,3100
454,24,72,2700
14,51,77,0
201,7,62,3800
794,50,78,3100
624,22,63,1300
875,24,54,1900
86,39,74,4000
830,19,59,3000
517,43,68,1000
275,31,53,1100
653,39,72,600
192,6,64,2600
529,36,63,2100
139,9,79,3900
929,3,77,1800
321,10,76,2700
354,43,61,2800
966,30,62,2500
799,44,75,700
229,3,60,3000
384,20,77,3900
585,17,74,2000
769,4,51,2300
297,8,61,1600
977,32,59,2800
165,36,57,2400
515,26,55,2500
570,38,77,1600
82,39,76,3700
619,36,75,2100
798,18,52,1000
582,4,58,300
556,6,78,3400
821,5,57,1500
82,38,55,3300
552,10,63,500
246,24,64,4000
853,42,63,1400
416,51,72,200
380,11,71,4000
359,19,53,3900
437,43,52,1300
594,35,58,3700
546,25,63,200
659,20,67,700
579,37,74,500
933,32,75,2500
544,27,63,800
118,16,52,2000
630,36,64,300
319,18,73,700
426,43,56,3400
329,36,79,2200
21,23,70,1800
24,52,63,2800
550,10,69,700
520,21,54,1000
170,14,72,4000
632,11,59,1600
502,46,60,2400
302,48,75,2300
844,47,64,1200
471,23,64,1500
984,40,68,600
159,2,80,2600
379,4,52,3900
572,31,56,1500
91,9,70,300
138,8,71,100
125,37,51,3000
176,32,62,2600
471,13,58,3500
274,51,80,1400
409,25,70,2800
777,16,75,0
745,44,55,400
967,10,66,3300
736,31,76,1700
642,43,56,1600
621,16,80,2100
560,31,76,4000
256,21,68,500
217,24,55,2100
545,6,57,2400
137,33,63,300
208,2,51,900
259,4,50,2500
420,27,61,1300
483,26,79,3500
422,3,62,1000
23,24,80,500
930,4,57,2300
500,13,80,500
102,52,70,1200
548,43,80,2100
478,40,72,2600
175,41,64,100
843,13,65,1200
83,8,62,1200
714,40,55,3900
822,7,75,100
633,48,70,500
992,47,59,600
889,52,66,2000
793,15,68,2300
949,20,64,3600
469,39,79,2600
609,43,69,1000
223,31,71,3300
944,45,59,800
546,10,61,3400
879,51,70,200
903,5,59,3300
671,20,79,700
578,17,53,3800
841,17,57,2500
259,30,69,2700
16,23,61,400
35,49,60,1000
507,45,63,3500
462,1,76,1400
64,30,57,3900
334,27,66,3600
394,24,72,3400
537,13,63,400
207,32,63,3300
514,33,53,1600
948,17,64,3400
856,30,75,1600
779,44,64,600
477,47,69,3400
832,25,67,4000
812,10,62,3500
48,48,63,700
313,43,77,3700
325,39,53,3200
551,10,70,2100
899,27,55,1000
629,29,73,700
262,13,58,900
274,21,56,200
879,14,80,600
740,11,67,2500
60,19,65,300
983,26,62,2700
942,34,61,2000
936,5,56,1100
501,11,80,900
744,10,63,0
956,37,63,200
667,10,54,1000
786,14,53,3100
155,29,74,3000
874,4,56,3900
482,34,75,4000
495,37,74,500
397,26,78,1400
599,49,58,400
946,16,70,4000
69,27,75,2400
735,31,61,600
423,47,54,3200
58,37,74,3300
675,36,54,4000
573,17,55,2100
869,39,80,1600
919,29,57,1300
303,24,68,600
419,43,54,400
973,45,62,3900
859,29,55,600
139,28,57,2400
335,40,78,3900
739,45,59,3200
703,45,65,2900
414,18,76,3100
990,36,63,3400
894,11,67,1900
45,12,60,1700
464,31,66,600
673,24,73,2300
841,47,74,300
597,34,69,400
608,1,68,700
577,10,71,3100
230,28,62,2200
748,35,77,600
784,37,58,3700
339,52,60,1800
304,2,72,1400
347,2,56,2100
12,28,57,2800
777,13,60,2400
981,30,50,2800
946,1,63,1900
313,30,74,3400
23,28,62,2300
961,39,62,1400
123,39,62,1500
43,33,52,1600
125,3,59,1900
330,10,77,2200
236,14,51,700
223,31,62,3900
682,19,74,3700
649,47,57,3600
369,8,71,4000
412,10,74,4000
863,12,52,1700
252,18,77,2800
400,16,78,1800
630,30,62,1100
682,30,65,3700
304,45,79,1200
592,36,74,3600
966,29,61,700
533,48,77,2400
335,14,76,900
383,48,60,2700
258,25,52,1900
646,18,80,1700
341,34,56,800
617,13,60,0
392,26,58,2600
774,42,78,1700
580,38,69,2600
744,36,72,2600
669,52,57,3700
250,4,51,1600
416,29,55,1500
346,9,52,3100
391,5,69,300
821,26,64,1200
515,37,60,3600
459,4,73,3400
222,25,64,800
201,36,69,2500
354,36,51,2900
562,42,60,1500
797,7,77,3800
716,40,64,1100
564,2,50,1600
114,5,80,3200
811,23,63,1200
284,45,66,3600
198,41,76,2000
293,21,68,1900
368,3,58,1800
924,22,59,1100
339,14,63,1400
641,20,51,2900
166,2,72,2500
750,39,75,3500
537,51,70,400
571,48,60,4000
626,32,62,700
721,6,55,1600
985,35,50,3100
105,34,63,2000
658,1,50,400
107,4,78,2200
474,13,79,900
257,24,78,2700
717,19,62,3600
918,41,79,4000
264,46,77,600
772,6,70,3500
468,22,73,0
321,29,57,500
225,21,53,3800
489,19,50,2500
365,17,66,300
288,4,55,400
810,17,71,700
98,51,67,1300
511,4,51,700
976,37,73,2100
761,10,62,2600
517,9,63,1900
281,38,54,700
231,13,74,3200
227,44,53,1600
664,51,73,2300
160,16,60,2600
29,9,64,400
641,4,60,2700
217,28,66,3100
968,3,51,1100
261,10,53,2700
898,1,53,3400
809,4,53,2500
467,3,56,1300
460,24,70,1200
87,48,62,1700
963,50,79,500
313,34,62,1300
367,42,72,2700
738,1,74,900
210,24,80,4000
608,40,54,1300
72,29,75,2300
840,9,64,2700
792,28,52,1200
870,17,63,1800
630,13,77,3300
150,5,65,2400
931,21,55,3100
946,42,79,3200
919,30,66,500
575,48,55,3300
340,27,65,4000
320,20,67,200
800,37,74,900
934,46,52,3300
134,49,64,700
505,35,52,2100
282,30,55,3600
10,2,65,1700
981,21,66,3000
598,43,74,400
696,36,79,1000
134,26,50,700
326,26,74,600
585,30,64,1500
122,21,80,1700
756,46,54,3800
326,1,57,2800
583,47,55,2300
196,46,71,3000
985,48,76,3600
656,3,66,1700
852,11,77,1700
909,4,80,2700
166,4,53,2600
832,34,66,3300
372,12,68,1300
564,35,56,200
418,9,57,500
652,38,73,2200
359,48,80,3400
970,36,67,500
34,4,62,1500
614,40,69,200
751,37,70,3900
59,47,53,500
76,21,50,1200
312,23,58,3400
542,38,75,300
42,17,50,1300
522,23,66,3300
362,44,56,2000
523,38,72,1900
992,23,76,3100
562,5,71,1300
419,12,60,1000
940,35,69,200
169,15,74,3200
536,43,70,3800
539,29,57,2800
1008,36,69,100
796,49,59,500
388,2,74,200
852,52,71,1600
906,38,60,2700
962,22,77,3000
824,41,54,2700
326,6,73,3700
411,43,76,2600
391,27,69,3400
29,45,76,3600
973,17,58,100
746,4,54,200
571,38,72,2400
859,20,57,1300
716,49,52,1500
911,37,76,3400
136,13,54,1700
617,51,51,400
521,48,63,2500
455,35,65,1600
243,34,51,1600
545,25,72,2100
557,31,67,1700
762,32,52,2600
902,39,52,0
232,12,80,1600
498,14,63,3700
171,39,53,700
967,9,79,3600
169,51,64,2200
538,47,73,3500
85,18,69,3700
340,17,62,3300
463,5,54,1200
646,25,75,3200
211,12,80,0
612,2,51,1800
431,49,56,2000
750,16,51,900
492,40,70,1500
929,22,52,200
234,31,56,0
345,42,50,1500
822,46,80,900
612,41,76,3300
882,31,51,2200
636,18,65,600
73,41,54,3600
557,35,66,1800
131,1,73,2600
160,33,73,400
767,46,57,3900
139,43,65,1000
106,24,57,2300
977,13,53,1100
906,19,68,3800
727,7,55,2200
674,5,55,2900
833,12,70,0
679,3,54,1900
628,28,69,2600
190,52,58,900
185,16,61,1500
413,12,66,3800
876,39,55,2100
904,8,64,1400
608,23,67,300
30,31,67,1300
692,35,56,3600
484,52,76,3900
247,35,79,3600
268,37,71,3900
719,47,61,3100
852,39,56,900
1008,13,76,4000
446,47,52,3900
144,33,60,2200
283,17,58,2600
200,32,67,300
114,19,53,1100
31,12,50,3900
778,27,73,100
331,18,65,2200
934,50,67,0
614,41,50,1600
99,48,63,1200
366,6,52,0
331,6,79,600
667,51,64,2500
128,9,76,2600
314,30,59,3400
726,48,58,1900
55,20,59,300
967,29,63,2600
531,1,70,1700
683,41,66,3200
476,48,72,1900
44,25,68,800
949,11,80,0
158,26,63,600
257,44,77,2900
178,41,50,100
551,35,67,3000
100,49,69,3600
364,32,78,900
154,22,63,1400
12,23,79,1900
213,9,68,700
748,1,72,1300
265,32,54,100
1006,46,78,3200
693,12,54,2100
98,1,51,300
384,47,50,1000
438,38,78,2000
471,19,62,4000
203,48,78,1300
755,15,73,700
991,37,56,3400
114,1,73,100
702,8,52,3700
204,40,80,1800
737,52,65,900
540,47,80,2700
398,2,67,500
936,45,63,1000
37,32,56,500
542,3,70,300
296,21,80,3500
909,36,75,1800
630,6,67,3600
111,4,75,3300
619,22,62,3000
683,4,51,2900
779,44,59,1700
549,29,56,600
497,37,52,1800
487,10,74,900
62,32,64,1000
603,8,54,3200
570,17,65,1300
897,18,79,1800
485,21,51,2600
710,16,55,1600
196,6,70,200
939,1,75,900
581,13,65,3800
599,12,52,1800
840,51,56,2200
26,52,51,3400
696,8,61,3900
47,27,57,1900
149,39,73,2000
259,2,59,2800
246,30,75,2300
667,19,59,1200
245,16,61,2100
734,26,80,3100
932,24,79,1300
155,40,71,3100
145,29,70,4000
470,41,64,3500
333,1,74,2600
590,41,70,1900
331,29,62,1700
438,42,56,2800
76,22,74,200
16,37,60,600
728,44,56,3000
37,30,51,1900
114,39,66,100
626,29,77,2200
140,14,64,2800
621,27,59,2900
18,48,68,3100
651,49,71,3900
726,1,50,2900
163,50,64,1900
995,39,67,3600
548,38,78,1900
768,2,50,3200
198,18,63,100
410,4,74,600
500,4,61,3100
668,51,59,2600
802,3,75,1900
285,42,78,1500
292,11,73,1700
380,46,60,1500
369,3,73,1900
976,17,75,2900
746,20,70,1300
451,52,75,800
549,48,72,2500
391,49,66,3300
892,2,69,1300
947,36,54,1900
59,33,69,1300
482,16,58,300
355,47,53,900
675,49,50,1900
469,3,68,600
526,22,56,1000
288,8,59,3000
83,39,69,600
52,25,60,200
998,45,68,3400
960,16,55,2300
665,19,69,3700
114,30,66,2400
950,14,74,400
444,32,66,3600
710,17,56,400
286,40,79,600
764,35,76,1200
804,17,58,1900
865,2,53,0
486,44,65,3300
714,39,59,2000
445,13,68,1600
65,43,79,800
881,7,58,400
924,2,63,3000
589,4,60,3700
92,1,59,4000
560,13,60,2700
720,34,64,500
662,4,75,3600
340,15,66,200
225,41,72,2000
201,49,66,1800
279,1,63,3400
172,5,70,2800
343,7,69,600
993,2,75,3600
576,26,72,600
862,17,61,1800
513,51,57,3600
826,37,50,1000
20,26,61,1300
98,38,73,1000
565,3,75,2400
619,18,57,3000
395,42,60,1100
248,32,70,2100
469,43,52,1800
61,6,64,2300
319,38,64,2800
410,42,80,2200
367,31,75,3200
817,12,59,3200
160,43,73,3700
492,14,74,100
106,18,51,2600
168,36,63,1500
411,20,58,1200
459,42,52,1200
425,31,71,2900
36,52,57,900
326,38,69,2200
773,21,60,1500
630,42,52,2000
345,27,59,500
375,7,70,2500
296,50,61,1800
1005,4,59,3000
655,40,54,1300
299,38,71,2000
341,34,54,3700
401,23,71,1200
975,14,70,500
69,36,71,1200
292,21,54,2100
119,23,72,400
827,42,66,2200
821,12,76,3000
482,9,50,500
41,35,69,2100
394,30,61,2200
790,34,78,800
712,8,65,300
442,6,61,300
683,17,75,3400
204,17,53,1300
809,9,77,100
822,15,58,200
261,11,68,700
10,24,58,4000
438,39,56,400
805,23,53,3200
707,37,63,3000
390,43,51,1700
723,52,72,2200
644,6,54,2700
568,37,75,800
336,11,55,300
622,20,79,1800
295,27,73,3700
276,19,54,3700
958,43,68,1200
227,24,79,1500
86,5,63,1000
897,35,68,400
711,28,58,3600
462,25,60,1700
257,14,68,3800
432,40,50,1000
744,20,73,2900
516,23,66,3900
625,47,68,3300
971,3,71,100
230,19,58,300
894,7,75,300
35,1,67,3000
603,34,77,3800
497,42,69,2000
773,15,67,4000
117,44,52,2900
860,27,66,800
385,35,74,100
963,35,71,600
543,2,59,0
158,42,54,2100
963,15,76,2900
324,16,79,1800
40,21,51,3600
284,46,52,3500
183,4,63,1500
158,44,64,1400
892,44,74,1200
574,5,57,4000
1005,19,64,1500
508,9,68,0
841,20,67,1500
282,42,77,3200
825,52,67,2500
465,5,57,3100
21,10,62,2900
574,42,58,2500
917,13,51,800
856,7,76,400
893,49,55,500
873,27,51,2700
23,51,51,1300
728,12,69,3300
554,33,72,1500
568,43,50,3100
190,10,80,3000
360,45,54,3800
415,23,62,300
457,5,51,2600
728,26,64,1600
131,39,58,2500
253,40,79,200
796,7,69,1800
140,44,72,1000
709,15,55,3300
42,50,76,3800
771,12,69,0
733,38,79,1100
310,48,77,3700
877,26,69,1600
601,32,62,2500
330,14,71,2900
451,35,60,1200
105,2,78,800
216,12,76,2600
404,18,73,1600
498,45,63,3000
673,19,75,1500
190,16,76,1800
785,30,69,3900
867,6,54,3300
92,30,75,1700
38,5,77,1400
860,2,53,3600
733,48,73,2600
280,12,77,1700
593,15,70,300
829,31,61,700
859,6,68,200
263,39,72,0
25,7,51,3500
312,20,65,800
881,28,68,3400
716,25,76,1500
696,40,65,600
543,39,60,0
524,5,75,900
970,32,69,3600
127,25,69,3200
747,32,62,600
208,41,58,400
794,7,58,2400
841,35,58,2500
442,40,63,2700
454,41,53,3400
354,24,68,800
345,10,55,3100
169,17,60,500
24,49,59,2900
245,4,68,3000
490,48,69,500
160,11,61,1100
291,30,57,3200
461,34,51,1100
954,21,78,1400
815,21,60,0
123,22,63,2900
519,31,56,3800
135,40,63,1400
945,18,53,3300
56,24,61,1300
17,24,74,800
442,34,73,2100
702,12,50,2100
151,2,67,200
121,24,77,3100
316,19,79,0
224,28,52,1000
1000,23,73,1700
274,51,78,3100
310,6,51,1500
920,40,54,600
313,52,79,2500
657,17,56,2500
841,24,54,1800
279,28,54,1800
514,33,65,500
693,42,62,2500
959,40,52,900
1009,39,55,2900
313,9,80,200
843,52,79,2800
263,10,77,2800
588,5,58,300
488,17,76,2800
966,37,52,2500
90,39,51,500
901,10,52,900
912,44,56,3700
301,7,63,400
112,29,72,1700
966,11,77,1800
160,40,64,700
972,18,77,100
976,25,72,1300
164,2,53,900
366,10,57,3900
326,4,77,1600
360,47,54,2400
936,26,75,2100
775,33,72,800
622,50,64,1700
713,42,58,3600
583,29,53,3300
119,47,59,2900
853,23,69,1400
834,44,68,2100
599,50,57,1200
769,32,68,3900
678,6,68,1600
744,24,76,2300
795,46,52,2000
141,10,57,3300
434,3,58,3000
404,44,76,0
613,37,76,2400
818,24,61,1400
154,47,79,800
292,16,76,3700
173,49,71,2800
827,1,51,3200
251,28,79,600
252,41,58,1300
184,18,53,2900
321,15,55,2900
526,43,60,1300
590,24,51,1600
433,13,65,3000
857,49,59,3500
118,2,80,1100
722,2,55,3100
56,39,69,3100
70,25,74,1200
666,27,52,2800
397,3,79,1200
856,23,72,2900
549,9,53,1100
207,20,66,400
229,33,72,2900
178,33,80,2600
490,48,70,3900
379,19,57,1500
759,28,60,3000
842,17,55,1200
389,32,78,3000
631,17,53,2200
10,48,62,100
891,6,62,200
680,14,76,3300
329,23,72,1300
118,18,63,1400
632,8,80,1900
332,30,77,2400
932,7,59,2700
98,5,77,300
912,20,50,1000
237,22,79,500
156,50,73,3200
956,30,61,2900
188,35,79,2900
440,37,55,2700
919,12,73,3200
238,15,61,1000
624,22,70,3500
68,25,74,600
765,6,55,2200
516,17,76,1600
792,46,72,600
133,4,59,900
634,4,73,300
941,6,65,3300
269,50,75,2100
276,49,70,200
547,5,69,500
930,21,50,2000
331,11,68,200
822,31,67,1000
896,51,74,2000
352,20,69,200
45,2,79,3000
740,18,65,2500
361,33,61,1800
586,22,62,3300
155,22,72,800
654,16,77,3800
382,21,66,2300
38,46,62,1300
53,18,71,1900
850,21,58,4000
136,22,50,2000
502,43,80,3400
950,14,72,2300
970,48,60,3600
80,45,52,1500
320,22,71,2300
432,47,69,3000
69,42,75,3800
491,4,57,1000
956,2,59,1000
989,34,50,1600
467,30,50,1300
824,37,76,600
13,30,73,2800
62,49,56,700
835,17,50,3000
394,17,71,2800
641,10,68,100
827,34,68,800
195,9,80,4000
583,32,79,3100
870,2,50,1300
309,38,68,2400
245,8,67,2600
331,45,57,2800
953,51,70,1300
41,14,66,900
609,24,65,1600
596,9,54,2800
470,14,52,3100
791,52,76,3000
15,8,61,2800
429,22,64,3300
954,12,69,3500
571,35,65,2000
270,17,71,1900
446,25,65,3800
374,11,75,3800
1002,45,53,2900
714,20,52,2000
167,9,65,3400
622,52,55,100
619,11,62,2400
327,21,63,1600
499,6,59,1900
232,31,62,0
701,35,78,0
332,51,73,200
636,48,60,400
908,22,77,3000
37,28,65,1900
270,7,79,400
376,45,65,4000
273,16,79,500
32,25,51,1400
995,4,69,200
525,31,56,100
10,22,75,2800
733,47,53,0
504,11,54,2200
968,19,57,1600
920,6,78,2200
369,22,61,800
914,3,62,500
638,26,54,1000
399,20,66,3300
671,36,72,300
23,27,70,100
214,24,69,1700
787,47,61,100
842,17,55,2800
513,5,70,1000
669,38,71,2600
377,35,53,3700
206,4,73,3300
540,17,58,2800
73,41,64,3000
919,43,57,1600
917,48,71,3900
415,46,77,100
31,44,58,900
734,3,75,3700
722,49,58,2400
362,23,51,2300
1003,32,63,2200
443,36,74,2200
608,1,62,3200
52,48,79,2100
940,1,60,0
620,52,72,3600
851,41,73,2900
875,28,80,2300
111,42,79,3600
318,50,73,1000
880,41,51,2300
997,4,51,1400
16,49,68,1700
571,21,69,2800
36,2,80,2700
155,20,64,2500
192,9,78,800
305,29,80,400
739,49,54,0
960,35,51,3100
470,40,69,2000
377,39,68,1200
566,16,52,100
656,9,60,2800
688,1,56,2600
490,18,78,1800
200,29,67,2400
863,24,66,2900
349,1,73,400
21,12,54,2000
15,30,77,2400
942,38,52,3000
308,28,57,1100
561,34,73,400
638,12,54,2400
882,14,61,2900
332,16,59,2700
77,29,53,800
841,3,73,500
20,52,58,0
225,19,66,200
776,4,58,700
641,19,79,3600
976,24,76,400
781,44,59,500
92,1,79,2900
748,38,51,2000
199,44,57,1700
518,4,57,1900
1007,9,71,800
612,1,72,4000
664,21,50,1700
385,11,77,1200
739,17,55,2400
732,41,58,3200
45,13,79,4000
455,48,78,1900
647,48,66,700
272,50,77,0
258,14,79,1100
145,25,71,0
824,23,57,1600
236,37,70,2600
510,35,78,1000
82,42,72,2100
265,5,72,400
601,3,62,1400
447,46,72,1500
475,2,55,700
329,45,73,1000
890,20,59,700
289,16,50,700
627,36,74,1300
596,33,57,2500
439,47,52,400
143,40,79,500
300,17,73,0
631,24,70,4000
306,33,64,3800
514,45,54,2300
746,32,57,3000
461,42,50,3200
534,27,78,2800
602,48,77,600
825,3,54,1700
250,25,54,2200
686,40,66,1500
970,7,66,3000
535,25,79,2500
145,40,52,3000
658,27,56,3000
59,37,80,300
959,9,74,100
383,18,67,3900
384,37,64,1700
121,8,54,700
149,47,60,600
462,29,62,3400
578,42,54,100
545,42,52,200
462,30,74,2500
410,20,55,2000
679,24,77,100
921,47,60,2100
403,13,66,900
15,42,80,600
146,46,65,0
504,22,76,3500
871,52,50,800
50,51,55,1700
321,4,75,700
25,47,76,1400
628,44,71,3500
674,23,75,2200
939,39,79,800
574,20,50,2900
77,37,55,1800
333,4,78,0
500,10,65,1700
300,34,80,2300
854,23,76,2000
764,20,52,1000
827,37,51,2100
893,25,57,2600
862,41,73,2700
145,18,80,3300
972,6,53,3600
862,36,76,3200
249,10,74,3400
1008,44,51,1500
177,22,61,2700
434,41,70,1300
97,22,50,2300
928,26,63,600
411,34,55,2500
675,21,68,1600
214,49,70,0
151,24,73,1700
118,9,65,800
593,30,52,3400
234,30,78,1000
359,25,57,2300
847,33,55,3000
316,7,59,4000
378,35,63,3700
416,41,68,2600
453,9,74,3600
71,38,68,600
754,43,65,3200
567,40,56,2700
300,19,71,300
496,27,71,2400
47,35,65,1800
771,32,60,2600
401,34,74,400
451,33,71,2700
432,5,54,2600
542,14,63,1900
670,38,61,300
920,10,77,800
771,15,54,100
786,22,54,2700
479,1,73,1900
169,15,78,2700
867,15,66,3100
614,28,62,2300
681,16,78,2500
751,50,64,3800
958,38,79,1200
690,20,79,2600
200,35,50,1000
837,21,52,1700
124,51,55,3000
51,12,63,0
755,16,78,1300
749,36,59,1600
179,52,66,3600
687,34,59,800
225,27,66,300
788,50,62,3300
703,42,53,0
956,14,58,2000
198,45,79,800
703,15,54,600
233,25,80,600
821,1,69,2900
297,3,59,2000
280,47,53,0
791,38,56,600
93,12,55,1800
669,13,57,1200
179,28,55,2600
881,4,68,1300
203,17,50,2600
24,18,65,700
915,11,79,3700
869,20,52,3800
237,52,69,3900
126,24,51,1100
386,33,79,900
63,14,77,2200
868,15,68,1000
883,47,78,1700
64,3,51,2700
90,36,62,2800
927,25,67,800
651,14,55,1200
322,2,53,1700
830,44,73,2600
610,15,73,400
384,18,54,2400
69,10,52,2200
302,41,55,1800
117,44,66,1200
237,5,58,2400
674,49,67,2700
1007,8,63,1300
764,52,61,3500
888,51,55,2800
731,30,51,3600
823,49,61,400
456,34,72,600
289,15,71,2700
825,36,80,1200
832,14,53,3900
968,20,55,3800
600,49,61,3500
695,17,74,1800
310,18,80,1100
65,32,54,2000
147,25,71,2000
129,30,50,4000
104,8,59,1300
260,52,59,1800
400,2,72,2600
51,1,68,2400
105,25,70,1600
244,48,66,2300
594,35,70,1500
533,5,80,1300
807,37,72,2700
688,40,62,2700
912,33,54,1100
699,15,78,2100
535,37,63,3800
720,28,75,1400
11,16,58,1800
937,41,73,3400
830,21,72,2900
868,6,74,2700
442,15,60,800
228,49,64,3200
914,33,50,2600
760,10,52,2900
1005,46,51,3000
575,29,52,3300
608,8,68,2900
581,51,57,2300
883,42,76,1100
73,25,60,1200
806,47,73,3100
949,40,64,2200
666,52,73,800
859,22,56,1300
536,4,51,500
672,15,77,500
824,45,54,1200
925,27,51,3200
557,12,70,0
937,9,53,600
572,14,72,1900
277,31,72,2900
201,41,58,800
186,32,61,0
68,31,59,2900
901,27,50,500
699,45,70,3200
355,37,69,2000
864,35,58,1600
160,2,61,2900
787,14,68,300
652,20,71,500
78,27,79,2700
932,48,63,1800
257,8,74,2600
262,41,68,3400
722,9,70,200
478,22,56,1200
157,14,50,300
577,28,73,3700
208,18,80,3000
978,42,70,2800
114,2,61,3000
432,11,74,3700
909,4,63,800
523,12,54,1700
541,12,71,2700
75,50,55,800
776,43,64,1700
719,37,62,3200
866,45,53,700
453,3,59,2700
640,48,68,1300
862,49,78,900
587,13,60,2500
881,40,78,2900
911,39,73,2400
879,49,53,3200
192,46,56,500
570,24,73,2300
134,26,62,1000
767,2,77,3300
90,33,80,3800
257,19,50,1700
682,14,52,2700
558,10,69,2300
313,37,63,2600
847,5,79,1900
918,15,51,2400
572,51,52,1600
828,47,80,800
194,9,80,3300
225,22,80,800
40,7,73,800
392,4,63,1000
465,40,51,2400
363,17,79,2400
637,21,72,2500
845,7,50,100
849,20,56,3300
58,23,52,500
366,13,78,0
37,18,56,3400
963,30,61,900
213,50,77,2100
63,45,62,3400
71,30,54,3400
562,16,54,1300
378,24,70,3900
336,42,51,2200
571,24,54,1200
885,36,79,100
83,40,51,3500
586,46,67,3900
89,3,64,4000
993,35,74,2000
63,34,60,3900
974,7,72,1700
361,6,79,1200
232,6,51,1300
126,24,76,3800
650,22,62,800
675,41,67,900
14,35,61,2500
443,12,55,3200
864,31,73,4000
73,29,65,300
273,34,57,200
1000,33,66,1000
308,13,67,3900
111,45,70,300
636,21,55,1300
522,12,73,1500
175,6,64,3100
327,3,59,800
308,14,55,900
412,23,62,3900
67,23,77,300
907,14,64,3200
443,2,77,700
521,6,63,1900
622,46,69,100
940,47,53,3600
502,9,52,2800
310,23,78,1500
665,8,64,1700
919,21,63,2900
605,48,53,1700
896,38,55,2400
362,34,55,1700
832,17,51,1900
26,33,70,2000
456,13,76,2900
842,3,63,2000
665,19,65,1800
647,30,80,100
659,29,60,500
261,41,74,400
243,38,50,3900
711,37,60,3000
46,20,57,1800
489,32,61,1200
54,32,58,3400
208,38,63,1800
686,33,59,3100
43,36,69,2800
674,41,60,3900
306,41,62,1200
950,8,76,300
458,42,57,1300
231,16,56,2900
402,22,50,3400
371,40,73,1000
184,44,80,2600
856,22,52,2900
187,34,59,1000
239,15,64,300
428,6,52,2100
889,43,70,400
777,40,52,3500
106,6,50,1800
87,20,51,700
911,17,55,0
124,45,54,3200
551,36,58,1500
677,42,58,2600
740,52,66,0
912,51,53,1100
381,33,64,2300
842,24,69,2700
820,16,50,1900
538,49,76,3400
438,28,72,2300
571,1,79,200
936,40,75,100
744,22,65,1500
455,15,75,500
146,30,68,3700
412,21,80,1200
771,52,61,400
598,39,58,4000
947,15,75,2000
470,28,63,500
725,45,76,3800
334,6,71,0
614,40,54,3700
812,25,69,2800
340,26,69,2000
467,29,68,4000
275,16,70,3300
723,35,61,3000
345,6,58,3200
30,22,63,2700
836,52,57,3000
778,28,65,2700
672,30,72,1800
343,40,67,200
577,36,58,2900
29,15,61,2600
16,21,75,2500
838,47,65,1000
117,18,59,2700
984,50,77,3300
679,39,80,3200
772,46,79,4000
189,38,53,0
824,27,55,1500
583,18,80,3600
92,28,55,3800
128,19,64,2000
667,12,52,2500
694,8,74,3700
903,15,76,200
649,51,63,900
901,37,75,900
35,31,60,400
357,27,51,900
175,18,59,3700
88,12,77,4000
36,17,58,300
937,40,80,2300
502,16,80,3300
738,2,51,1000
623,21,64,1400
903,39,74,3600
610,14,77,3100
169,50,77,300
779,9,73,2200
180,5,73,1500
855,19,74,3100
465,36,61,2000
433,51,56,3600
457,32,53,600
758,3,51,1800
904,39,57,1400
989,38,56,2700
462,12,66,3800
770,3,76,500
292,38,67,300
573,45,71,1600
693,51,76,3400
421,30,64,3800
610,23,55,3500
985,32,73,200
235,42,80,700
552,35,68,100
394,44,77,1600
612,23,52,3700
584,13,73,600
571,7,63,2500
850,11,64,3500
118,50,69,0
548,11,65,2900
852,30,74,2300
504,29,62,2200
982,32,55,2800
967,10,53,600
74,15,79,0
28,46,53,500
148,29,73,3500
907,19,70,3000
946,9,80,1700
657,2,61,3200
970,10,51,400
60,34,54,3200
725,8,58,900
449,18,52,1700
582,25,51,2700
853,24,54,2700
743,49,55,3800
609,12,80,2200
581,31,75,2400
671,46,64,2100
923,11,66,1300
853,24,53,900
345,41,68,2800
202,46,52,0
766,11,77,100
467,24,74,1300
947,29,56,0
148,47,57,100
222,7,70,0
237,11,68,3900
940,4,55,1300
977,38,54,1500
795,40,75,3800
52,2,77,1900
553,43,52,2100
419,29,72,2400
544,21,74,400
810,2,63,1500
692,28,58,2700
292,18,77,3700
78,36,60,1300
767,18,72,1900
148,3,66,3500
502,8,71,2200
550,5,79,3700
495,25,68,2300
679,39,63,3900
553,10,64,2500
12,40,71,1500
678,5,71,200
696,44,59,200
386,1,58,1800
779,9,57,2900
332,25,62,2500
119,18,76,100
243,5,60,3800
839,30,75,300
209,19,69,2800
161,48,64,700
569,42,62,300
251,38,80,700
516,43,59,3900
966,27,76,2800
346,48,64,200
563,48,58,1600
830,10,75,1100
584,33,54,3500
843,8,65,3200
916,29,63,1600
788,21,58,2100
819,6,65,3000
112,6,55,1400
774,6,80,3500
613,33,52,100
757,26,69,300
509,42,75,600
422,26,58,100
996,44,64,1400
964,27,68,3100
772,8,74,2300
900,37,75,1100
936,34,56,600
641,24,66,3600
811,1,65,2100
824,32,76,2200
96,7,56,1400
180,32,60,700
13,29,77,1500
628,4,64,3200
720,14,58,2200
388,17,55,4000
471,15,67,2000
779,2,62,2100
893,31,56,1600
556,45,70,2800
655,3,76,1100
179,14,59,1100
67,11,62,1200
908,5,52,3800
655,23,62,900
53,30,75,3800
730,29,60,200
748,29,73,2100
620,43,64,1700
919,42,70,400
440,30,54,300
951,33,71,200
263,48,71,3400
982,5,74,1500
909,24,69,4000
466,16,80,800
845,7,53,500
177,38,80,2800
493,48,79,900
501,41,78,2600
989,19,55,3600
797,46,62,4000
987,44,55,1500
142,30,54,2400
80,49,50,1400
154,36,76,3800
199,23,74,2600
192,9,64,3500
283,8,67,900
618,49,60,3400
390,41,50,1500
597,24,70,400
439,29,63,1000
596,3,78,2400
554,33,76,900
970,7,78,2300
633,47,69,800
219,38,63,1500
988,48,75,3400
872,12,78,500
338,24,68,500
921,3,62,2300
341,19,62,1300
359,44,80,600
167,7,76,3000
540,7,52,2200
44,8,64,1400
289,48,59,500
679,42,79,400
146,2,75,1100
348,47,69,1800
35,5,68,0
195,7,67,3200
632,22,60,2700
437,10,74,200
912,18,60,3900
967,2,59,1400
759,11,63,200
129,17,73,1400
437,16,50,3800
858,31,55,2100
402,9,77,3700
806,44,79,3900
35,27,61,2800
843,25,61,0
980,35,60,800
805,22,75,3100
916,43,67,1300
473,41,73,1500
95,36,58,1400
926,40,72,2600
57,43,60,2800
590,26,55,3700
718,38,70,500
889,28,68,1100
57,38,55,1200
674,4,80,1900
585,36,61,300
212,41,73,1400
129,13,59,1100
572,30,79,1900
327,20,56,3900
433,35,72,3500
467,22,76,1400
968,26,77,3100
422,48,68,3500
27,12,66,2500
861,25,78,1900
867,18,74,3300
170,17,61,3300
148,28,59,1400
75,21,56,3700
347,18,79,1000
847,35,66,600
628,20,67,1200
283,9,60,1400
841,31,76,2900
663,32,75,3000
955,47,68,2700
524,7,63,1700
723,52,58,3500
708,17,58,3700
405,28,53,1900
542,30,71,3600
704,6,58,800
533,1,68,3600
156,22,73,2900
725,40,73,1300
353,44,62,800
160,9,71,1700
18,13,67,3100
857,38,60,2100
811,37,51,1700
933,47,55,3200
282,34,78,1700
796,18,74,3800
199,11,57,1000
693,52,51,2200
287,30,78,2400
365,52,53,2000
824,10,65,1700
870,31,70,3300
528,47,78,1900
94,3,58,1600
903,19,56,1300
146,14,72,3100
676,12,50,2700
178,8,77,2900
137,23,57,100
169,24,61,1300
926,50,66,1300
579,40,52,2200
375,1,69,900
544,42,55,2100
793,44,75,800
552,39,62,2000
352,1,58,2800
560,7,65,1700
526,5,65,2800
821,49,74,1700
381,1,66,3000
692,20,69,700
299,13,50,300
305,31,66,300
502,10,62,400
367,20,58,3100
97,16,62,2000
612,13,60,2300
600,49,79,3400
597,18,56,2500
681,3,80,3000
298,38,62,1000
624,6,72,1800
999,31,65,100
232,4,71,500
753,44,67,500
442,23,56,200
351,1,60,2400
902,3,51,1800
98,20,57,1700
60,6,75,1800
896,35,50,3200
422,9,62,1100
676,1,63,2500
157,18,80,1200
210,52,56,4000
349,48,78,200
830,32,68,1000
396,50,79,1500
521,21,67,1000
329,10,77,400
327,1,77,3100
728,24,76,900
782,9,72,1500
990,14,51,4000
452,8,79,2900
758,41,72,1300
223,25,55,200
15,12,62,1500
518,20,65,500
805,42,69,1100
997,14,78,2800
769,50,54,1300
354,31,64,2600
686,9,77,1700
793,9,66,500
183,31,80,3900
177,16,77,600
361,35,55,3900
98,26,76,2100
45,39,54,1000
967,22,77,4000
471,16,74,1500
128,1,64,400
667,33,76,1000
726,8,57,3200
796,15,68,100
847,44,78,2900
860,21,65,2000
387,52,53,2700
433,19,60,2700
230,31,50,1400
898,43,70,2900
535,47,52,3100
391,42,74,100
28,50,72,3000
967,20,76,3300
895,50,52,200
643,52,60,4000
265,20,60,3700
906,32,64,500
558,12,64,2200
767,44,74,3500
276,7,67,1700
630,13,76,3300
555,41,57,3600
133,2,52,1200
396,47,66,500
963,32,79,3700
864,8,55,1700
910,49,76,2900
192,27,74,1400
476,34,57,1700
533,12,78,2700
321,1,66,1400
868,18,70,0
467,24,79,2600
104,20,76,3000
80,39,58,3500
357,49,58,4000
537,2,71,0
149,20,50,600
718,17,63,1200
446,49,70,2200
712,44,56,3200
408,14,51,3400
391,15,59,1000
304,40,53,3000
385,44,61,800
727,50,61,1000
234,39,80,100
711,26,59,500
784,30,71,1500
526,28,52,3300
830,43,58,200
998,47,73,3000
886,32,63,500
89,26,66,2500
977,1,62,700
819,8,79,3600
486,51,63,1600
478,50,79,3600
980,13,71,3000
547,45,80,2500
297,22,64,0
527,50,75,900
296,19,55,700
685,43,64,4000
669,30,64,2100
999,21,73,500
980,47,64,1500
309,33,53,3800
83,28,76,3400
618,38,59,600
787,5,72,1900
445,50,59,3700
641,19,63,1900
592,15,57,2900
49,27,60,500
408,30,52,3400
651,21,66,1800
949,18,64,1100
723,30,51,2000
829,6,73,3300
603,36,56,1800
179,31,59,2200
895,7,72,800
647,48,51,100
347,40,54,2100
971,17,64,3900
608,40,67,2500
12,28,79,3500
922,23,50,2600
888,39,78,2500
871,2,62,2300
65,13,71,400
305,37,74,700
681,38,58,700
253,40,67,2300
860,52,55,3900
739,18,68,1600
514,9,64,2300
532,10,68,3500
744,6,66,900
42,17,50,600
667,52,70,3800
571,49,63,0
264,32,53,1800
689,9,72,2600
925,3,66,900
668,44,54,600
501,4,62,800
542,12,50,1900
852,15,72,1000
940,38,71,2600
957,12,50,2800
998,46,63,500
87,23,70,3900
797,34,62,1400
567,44,72,300
191,3,75,1300
415,35,57,1700
829,21,62,2500
787,26,58,2300
873,21,69,3900
971,36,72,3200
332,15,57,3700
19,6,63,3500
219,28,62,2700
172,9,77,2300
990,32,72,3400
711,40,72,3800
879,5,65,700
969,18,69,2800
626,38,75,3400
1005,25,71,1800
164,35,50,1600
898,22,50,2900
784,10,76,900
561,52,55,2900
751,48,55,2000
654,4,73,2400
612,52,68,900
875,8,66,2100
366,29,64,300
58,6,69,1100
223,5,63,2800
686,37,78,1900
989,10,60,1100
589,5,52,3100
261,18,64,2600
261,8,59,3600
236,26,57,3900
554,49,66,1000
991,19,70,1600
797,45,53,1400
348,28,76,400
266,13,71,400
369,33,68,3900
796,9,58,500
861,34,78,300
687,51,77,2100
839,50,50,1900
566,38,71,3300
893,30,64,700
843,32,75,2400
274,44,62,1900
705,45,80,1000
493,42,55,3700
203,32,70,500
265,14,56,800
549,50,57,4000
38,11,69,800
420,1,50,2000
184,31,63,900
69,44,75,1900
706,32,51,2700
955,21,66,2000
453,20,59,2100
360,34,68,2800
405,2,79,100
986,49,68,2100
737,44,57,1900
222,15,68,600
281,52,57,3100
881,1,64,700
725,1,76,2700
912,45,69,2500
424,2,61,1700
47,3,51,1400
233,30,61,3200
460,51,57,3700
196,1,79,3100
176,22,68,100
330,6,69,500
443,35,73,500
817,24,59,3600
466,31,66,2500
1002,31,62,1100
807,13,75,1400
873,39,78,3800
671,26,71,3100
854,13,53,3200
192,12,72,300
790,10,72,1800
427,20,51,600
98,27,78,1800
574,49,63,2900
442,50,80,2400
826,38,51,2900
836,15,58,1000
367,35,78,1100
480,15,57,1600
564,46,54,2800
561,13,70,500
606,43,63,2600
54,44,54,3700
225,42,59,400
42,11,64,3700
448,12,74,3300
407,4,71,2900
105,32,67,2800
982,28,64,2400
655,34,70,500
253,29,80,1200
687,45,72,2000
86,37,58,800
818,43,64,1500
720,41,73,200
943,27,69,3000
187,17,58,600
905,50,78,2600
492,48,62,800
233,15,63,3800
158,30,67,2300
715,48,71,3100
260,16,69,3900
229,8,71,3600
785,22,70,1400
373,37,52,3400
823,33,75,2800
135,9,57,1900
660,34,59,2000
217,6,78,3100
358,37,57,700
608,16,66,200
970,13,69,500
847,26,57,500
856,8,68,1900
910,20,62,3200
898,18,75,300
908,23,76,3500
993,14,57,3200
403,24,52,2900
810,11,77,500
430,15,79,400
264,29,60,1700
162,16,65,800
563,34,54,2000
588,26,64,700
912,40,79,2200
739,47,62,2000
996,5,65,1700
735,10,67,2100
300,10,80,1100
158,42,72,2800
671,13,76,2400
827,50,52,300
46,51,62,600
864,12,59,1900
976,39,65,1300
968,19,78,500
361,52,69,2400
428,20,71,1900
431,26,79,3900
788,34,62,3600
174,49,53,3300
741,47,50,3200
546,47,68,2900
912,39,53,600
984,7,64,500
116,43,55,1200
914,23,57,2200
409,7,55,2700
874,52,64,400
533,4,62,3400
902,48,65,2900
273,47,60,1800
166,19,58,3600
952,52,66,3200
676,3,72,1800
978,13,74,3300
76,10,65,700
428,31,60,4000
271,51,66,2400
942,30,68,2900
381,8,74,3900
635,5,73,400
773,18,70,2400
129,22,66,0
314,11,64,2100
809,23,76,1800
452,1,73,4000
403,30,69,2900
580,44,56,2900
903,43,69,3700
964,51,55,3900
56,41,77,2300
959,46,75,3900
753,31,58,100
857,19,77,3500
750,30,72,3500
331,15,57,3100
562,16,66,3400
32,21,72,600
871,17,54,1800
555,25,56,1800
859,30,59,1200
93,26,64,200
910,26,67,600
415,6,52,1400
331,35,62,1200
431,30,72,3800
971,33,52,3700
362,11,50,2700
128,28,61,3700
625,33,63,3300
24,30,59,100
650,51,67,500
620,11,61,2800
993,45,71,800
60,28,76,2300
880,15,77,900
927,46,73,1100
289,32,58,2700
947,2,69,2500
262,18,75,3900
59,13,78,3200
138,32,51,2000
777,47,66,3400
65,37,73,3100
620,29,63,2300
23,6,74,1500
162,13,72,1000
459,17,50,1000
485,4,59,3800
400,35,73,200
180,22,75,1400
778,29,55,3200
770,6,57,2900
828,47,61,800
655,10,74,1700
805,17,63,1600
275,6,70,4000
943,16,75,3700
35,15,77,2100
757,49,65,2600
500,24,63,1200
893,52,77,700
440,29,60,3500
810,47,54,3200
326,5,76,0
636,41,73,500
943,16,69,2000
700,6,63,3000
228,17,69,3800
861,22,66,3400
277,12,62,3900
814,13,69,1400
530,17,58,900
646,27,77,3000
478,42,70,3900
185,39,69,1500
175,49,56,3700
565,41,70,2100
363,34,78,3200
403,28,75,3000
599,4,67,3100
297,33,68,3700
873,46,68,3100
523,43,55,1900
463,37,72,3300
280,47,72,3600
276,38,55,2200
624,46,76,200
622,26,63,3600
552,40,57,3500
174,20,79,2600
873,3,51,1800
670,44,69,1400
440,1,72,400
743,24,66,800
574,32,73,1500
531,3,70,600
311,38,67,2900
162,38,66,400
281,10,54,2600
975,5,74,3400
133,10,74,3400
25,35,77,3100
229,45,57,3200
554,14,69,1000
729,42,77,1400
583,36,57,3000
266,52,74,2100
417,35,50,600
919,30,52,700
452,6,70,2800
245,19,68,3200
904,52,65,2000
748,34,64,600
200,29,50,3900
122,32,54,1700
705,26,72,2600
141,12,69,3700
713,16,70,600
335,49,58,900
147,15,70,1600
950,3,58,2900
788,44,59,2200
521,52,59,1700
605,24,54,2100
758,4,71,2100
483,25,64,100
760,36,55,1400
893,42,54,600
41,17,56,2400
896,48,73,200
29,14,55,1400
508,46,59,1600
298,19,78,100
895,3,60,600
328,47,70,900
448,16,73,1500
105,42,69,1700
427,28,63,1200
545,51,67,1400
732,38,52,300
26,21,59,3600
379,48,51,3600
965,51,76,3800
216,18,74,2100
879,29,51,1100
899,49,54,1100
589,45,50,4000
771,37,72,2700
489,34,58,500
297,6,73,1700
795,41,59,500
490,7,65,3600
903,21,77,2700
662,42,74,2000
278,19,58,3300
859,39,71,3200
267,27,61,1700
170,5,71,2600
199,31,53,2200
805,5,79,2900
826,1,62,700
195,8,63,2900
297,47,52,2100
298,13,73,1600
553,25,64,400
419,28,63,3600
420,20,78,800
697,28,57,3200
528,19,69,2400
318,2,79,3500
307,7,62,3000
107,3,56,2100
907,6,74,1000
751,21,65,3200
611,20,70,3300
694,40,74,1000
69,23,60,600
805,50,71,1100
795,37,60,700
969,51,52,2700
622,20,50,1100
135,10,75,3900
105,3,74,1700
373,8,75,0
791,35,52,1500
457,14,56,900
795,28,69,3200
833,28,68,3800
41,11,65,700
492,19,56,3400
292,48,52,3800
522,34,80,100
48,45,62,3900
279,18,53,3200
346,10,60,2700
86,11,77,3000
424,31,50,2100
886,18,53,1300
445,13,55,3000
956,15,65,1500
573,28,68,700
10,7,69,0
324,18,51,2800
220,17,74,1500
217,39,58,200
265,16,54,200
896,4,76,600
28,10,66,1300
487,4,60,2500
1001,44,70,2400
774,12,66,500
338,10,61,1000
408,51,63,2000
198,40,71,1100
715,49,69,3700
625,28,74,2000
829,44,61,3600
338,39,65,3500
416,2,63,3300
812,14,53,2100
664,10,73,2200
314,8,65,600
428,7,72,3000
777,12,67,2600
185,46,73,2700
795,25,65,1100
431,25,54,1600
520,6,70,3200
178,12,73,2700
348,15,80,700
364,37,61,300
270,51,62,2700
854,51,57,2500
631,16,61,1600
650,35,61,2300
408,28,79,600
707,41,62,400
141,14,55,3000
344,36,66,2000
743,30,58,2500
22,21,67,3600
679,31,59,2400
627,1,65,1700
731,22,74,500
840,11,59,1900
266,49,59,2400
109,4,53,3800
329,52,67,3800
54,5,67,1500
139,30,79,3400
187,18,77,400
888,27,50,700
426,1,60,1300
741,49,75,1100
395,2,68,0
500,4,55,900
560,28,72,3000
869,34,65,300
54,8,80,3100
682,40,50,2400
145,15,58,2600
1000,47,63,900
547,42,52,300
210,47,69,400
466,49,65,1600
661,2,65,200
156,46,56,2400
307,17,73,200
231,40,54,2800
12,13,50,2200
445,21,64,1400
771,42,59,900
224,17,65,3300
990,39,58,1900
918,14,55,1900
144,27,66,400
566,13,72,1500
165,21,78,3600
190,43,67,3400
696,39,70,1100
392,49,57,1200
441,26,71,900
110,7,69,200
575,34,53,2400
426,52,68,3800
88,46,60,0
462,51,80,800
110,19,50,200
115,27,73,1000
996,11,63,700
38,40,57,3300
147,24,57,2300
483,39,67,3900
224,31,52,2700
193,43,69,0
580,26,73,1700
797,21,77,800
617,45,64,900
524,30,63,2200
356,42,79,700
227,13,63,1300
894,36,80,0
880,27,59,1000
226,19,63,0
881,18,55,800
486,25,76,2400
946,52,80,700
838,2,80,900
609,24,56,3800
629,22,55,1400
550,2,60,2200
699,32,76,1800
801,10,74,3900
434,41,73,500
387,22,60,2400
588,51,65,900
736,33,64,3600
769,49,74,100
401,38,63,2000
944,14,50,1500
683,15,65,0
999,27,76,3900
803,9,51,4000
151,17,79,2300
951,44,59,2400
845,48,76,1400
686,47,54,3800
333,8,53,2300
287,46,59,2700
744,42,75,3500
862,52,54,1400
727,24,72,900
63,1,73,3800
339,27,59,0
856,24,56,500
164,46,66,3800
404,43,76,3300
606,46,71,1700
443,29,76,700
995,8,64,3100
73,4,61,1300
146,33,76,3600
671,41,80,2000
146,52,79,200
364,8,65,3300
195,32,58,2800
301,39,75,2300
854,12,80,1900
923,50,74,500
714,25,62,1400
176,22,68,600
676,30,50,700
391,16,67,1300
911,6,75,600
792,36,63,1900
731,12,54,1000
342,17,61,1400
667,19,65,3900
611,16,58,600
58,5,77,100
162,46,64,400
557,40,72,1700
178,9,70,1600
899,18,80,2300
658,37,50,3900
113,2,67,200
283,46,56,1800
58,46,50,3500
544,34,58,400
945,22,68,3900
713,49,54,1500
99,49,60,1700
97,4,58,500
623,2,52,2800
811,20,68,1800
730,2,79,1100
673,13,58,1600
515,42,71,1800
976,41,68,3400
535,27,59,0
979,45,50,1400
451,51,80,600
349,37,73,2300
424,32,80,3700
377,43,50,700
997,8,55,2500
637,39,77,600
259,22,64,700
949,28,71,100
302,32,67,3200
759,19,62,800
353,33,57,2500
347,25,51,3100
41,28,58,400
916,2,76,2400
638,6,66,1900
386,50,54,2300
421,10,79,3900
965,41,72,300
162,33,73,2400
412,49,58,3200
532,47,80,600
822,20,73,1800
827,40,59,3700
525,22,74,2400
491,9,68,600
785,40,57,1800
244,1,75,2300
765,3,51,300
180,21,55,3700
283,32,67,2300
370,26,79,1300
1007,21,79,2100
115,24,78,0
994,51,55,3500
59,25,67,2600
536,25,62,2200
858,47,63,1300
477,22,63,3200
887,21,74,100
274,30,61,3200
439,29,51,2600
114,50,80,1200
236,31,58,700
582,37,63,200
264,15,52,800
343,33,79,2300
312,34,76,2500
365,17,63,700
794,24,64,2800
762,3,60,2200
627,29,78,2600
625,15,52,3400
400,11,72,100
555,13,77,2400
868,45,57,2300
268,30,58,3500
557,28,64,3600
873,27,64,4000
319,43,63,900
779,6,54,2700
330,5,70,900
436,21,67,100
324,25,51,400
355,48,55,3400
743,6,58,3000
191,15,58,1900
939,23,52,900
335,16,53,3400
599,38,72,2900
852,52,75,3700
471,7,60,2800
278,19,80,800
967,36,67,2800
504,31,64,800
965,8,66,1500
220,38,79,0
207,50,63,3300
521,37,75,2900
422,25,59,1600
954,23,52,1000
361,40,70,3000
799,40,53,1100
196,21,69,1000
452,9,61,3900
406,10,52,3900
1003,20,79,1000
582,15,53,2800
337,25,67,1200
769,6,74,1500
899,6,64,1900
1008,22,50,2900
54,41,58,1700
876,13,76,200
337,39,70,700
864,47,78,1700
932,52,59,1700
979,47,51,1100
43,47,65,3900
349,18,77,300
154,3,57,600
651,49,53,700
586,27,70,2300
644,17,75,3600
377,26,70,400
17,6,58,1600
426,39,58,200
861,28,77,1600
38,26,50,300
654,49,70,3500
712,23,78,1500
494,34,78,1500
999,47,62,200
314,31,74,3800
196,47,77,600
821,47,59,1500
988,40,76,2800
63,27,52,900
517,15,69,3900
340,26,77,300
924,43,57,3000
819,51,75,1200
250,12,59,2200
13,32,67,2100
452,8,73,3400
810,15,72,2100
428,25,76,3200
756,35,58,2400
86,32,57,3800
795,32,58,2100
975,40,67,600
903,38,73,3800
576,30,61,500
946,32,79,3200
266,47,52,2500
599,24,53,1300
269,15,77,1100
832,28,68,3800
276,47,57,1100
829,42,70,1300
152,14,64,2100
949,43,53,1900
812,34,61,1100
164,26,73,1600
183,45,69,3800
822,10,68,2500
348,41,78,2500
177,17,64,2900
613,14,71,1300
755,36,56,900
982,31,63,1100
996,51,78,2900
586,11,67,3000
31,2,71,1800
404,37,75,100
704,27,52,1000
25,5,57,600
255,11,55,1800
374,37,66,3900
372,27,73,3100
256,8,50,2300
958,27,76,500
257,6,59,100
71,9,65,300
796,39,61,2500
85,20,53,2600
210,37,64,4000
222,11,57,1600
836,7,74,2700
359,12,71,2000
497,40,63,300
437,44,78,700
396,26,55,3100
61,2,77,3700
221,47,73,1300
418,22,67,1500
41,36,73,1300
450,1,68,3900
919,15,50,600
458,29,63,2300
170,49,50,1600
139,37,74,3500
510,21,55,2000
45,20,52,2100
472,40,63,2800
266,6,65,100
112,41,74,3900
352,30,65,1700
200,31,59,3500
772,42,70,1100
706,4,65,2400
465,8,60,200
561,18,57,1400
824,19,61,900
127,34,77,500
684,23,74,2200
382,43,77,400
233,28,73,2000
329,1,73,1700
115,6,80,3200
137,5,54,3100
307,29,69,1900
526,43,66,2700
555,35,68,2100
944,39,51,2700
56,37,65,500
918,26,64,2900
977,45,69,3100
89,2,64,3400
231,40,53,2600
702,16,66,2500
929,27,73,400
235,31,78,700
240,10,76,3000
833,6,50,2900
824,36,72,1400
817,28,57,3500
191,39,50,0
236,7,78,1000
123,47,51,2100
89,31,55,2300
962,14,68,1000
822,11,51,1100
523,35,61,0
300,47,70,2700
174,50,76,2300
852,8,63,500
660,51,74,3100
470,19,66,2100
11,16,60,1900
352,35,59,3100
428,10,70,3500
632,7,54,1000
960,38,79,900
885,50,70,2300
130,24,61,0
983,32,75,3300
927,32,52,1900
597,28,59,3400
461,45,62,3500
556,6,52,3700
304,15,55,200
892,44,64,2100
995,26,64,2700
238,47,73,100
760,7,77,200
606,39,60,3500
500,29,70,3800
567,1,52,2900
922,1,52,1500
660,25,57,400
990,32,56,300
564,1,69,3900
580,16,80,3000
935,46,71,1700
494,18,52,1700
103,33,50,0
382,21,62,3300
286,4,69,800
998,49,53,2200
95,8,55,2500
93,9,57,1200
605,20,68,0
93,15,80,2500
755,45,50,2000
348,44,63,1500
102,6,52,600
851,6,72,2500
889,26,65,2400
281,5,72,2300
47,9,53,2100
143,21,74,1000
89,29,59,2800
43,4,65,2100
811,17,78,3000
628,22,71,3200
675,12,76,1300
461,21,61,3600
710,14,71,1200
408,26,65,1300
105,21,73,2400
958,18,80,3400
554,26,60,1600
98,24,58,1300
856,24,63,500
175,28,59,600
43,13,64,2100
615,17,71,300
511,11,63,2100
783,50,62,3100
453,16,75,3000
787,44,59,1100
364,16,70,400
375,7,52,1500
990,7,60,2600
990,20,60,3800
121,3,69,2800
193,21,59,500
965,36,73,0
907,40,53,400
299,29,51,400
758,47,58,1900
872,23,74,2700
300,44,80,2500
590,40,68,400
831,50,71,500
675,48,75,200
859,2,66,400
878,42,57,2600
294,40,58,3000
587,2,70,3800
419,39,56,1200
970,39,51,3200
996,15,53,400
831,27,80,1800
883,2,63,1100
104,39,79,3000
141,45,63,3200
526,8,61,2200
954,8,65,1700
330,52,59,1400
842,43,61,600
564,17,69,2100
452,16,54,2200
457,40,80,2600
192,9,52,300
163,12,63,3100
21,19,57,600
598,1,66,500
176,48,78,1100
287,7,65,3900
751,22,56,3200
666,5,50,3800
320,52,61,200
367,34,54,2400
455,42,62,800
183,13,62,200
934,39,58,1000
507,6,68,2100
155,26,79,1500
345,45,77,400
596,42,62,2800
386,37,65,2300
254,50,57,900
154,43,60,300
850,30,56,1400
553,37,65,1900
198,7,71,700
589,13,76,1700
919,43,80,3500
156,7,60,2800
20,9,58,200
770,40,51,200
701,7,50,3700
660,34,72,100
929,46,63,2700
164,17,76,2100
870,9,77,3500
513,18,69,1300
702,38,69,2900
690,6,72,2600
76,41,54,2900
292,4,79,2400
740,6,80,0
966,23,69,1500
581,18,68,2300
675,34,67,3000
726,22,57,2300
719,32,56,400
947,46,77,1100
577,51,77,2600
638,16,72,3400
620,6,80,3200
974,6,56,100
836,22,51,3700
964,1,75,500
342,48,63,2100
75,38,73,3500
842,33,77,2400
735,24,80,200
652,52,63,2400
313,22,73,3300
295,20,71,2100
420,43,80,3300
880,27,75,2800
785,28,58,1700
519,6,52,2900
684,9,77,1300
40,39,57,2800
547,37,74,2500
438,11,65,2200
471,43,71,300
32,13,77,600
871,34,66,2600
763,17,77,3500
792,5,58,1300
691,37,54,3500
991,8,68,1400
169,6,61,1200
32,20,60,600
949,2,57,1300
79,10,65,1500
291,6,75,3800
708,31,69,700
101,39,77,500
432,35,62,1500
416,16,69,3900
281,10,70,1300
298,36,62,3400
381,45,50,800
691,26,71,800
850,30,79,2600
370,12,57,2100
821,23,71,2800
120,34,52,1600
125,14,62,2000
76,5,65,2500
528,46,64,2800
101,18,58,3500
225,38,76,1600
293,51,59,3900
70,34,73,3100
714,31,64,1800
533,12,80,1800
475,15,50,3000
750,22,78,900
208,5,77,2900
575,10,77,3600
98,36,78,2000
473,44,63,3200
323,31,58,3300
762,43,55,2200
41,8,65,1000
112,26,66,1000
895,11,69,100
982,35,75,2600
629,8,73,3900
719,7,51,2400
709,45,78,400
420,29,53,2100
874,5,72,100
439,7,70,4000
467,15,59,2300
871,22,64,2700
285,14,77,4000
687,52,54,1000
357,14,65,0
861,25,78,600
346,1,73,2900
457,51,63,1000
45,30,64,900
783,34,59,100
938,11,69,3600
158,15,52,4000
151,30,72,1200
1007,17,51,2700
286,44,57,2700
740,42,59,1200
61,14,69,600
321,33,69,4000
677,29,53,2700
884,47,70,700
450,6,77,1900
551,33,80,800
890,42,66,2200
954,17,66,3900
135,48,74,2500
737,19,55,3900
788,29,77,2500
611,19,73,1100
297,16,69,3200
802,28,68,2800
890,18,67,900
326,12,59,1700
612,23,60,800
537,16,60,3700
345,2,76,2800
696,47,57,0
859,29,80,1900
109,52,58,3800
901,42,68,2000
792,2,57,900
925,37,57,500
162,17,76,700
601,3,59,500
800,33,64,1500
366,3,74,600
838,26,56,4000
712,30,54,3000
183,30,77,1400
160,51,52,3000
746,51,69,2800
451,17,69,2600
663,31,70,1600
29,11,76,3100
335,4,67,1800
943,37,74,3100
693,6,55,3400
266,31,73,2800
174,12,78,2400
193,20,70,300
1008,45,68,1300
550,31,74,1200
695,6,60,3000
52,47,69,2900
211,52,62,700
711,8,76,1500
548,17,59,2900
920,34,60,1200
203,52,64,3800
828,23,69,3700
72,29,63,1300
717,47,68,2000
415,37,70,400
168,35,58,2800
387,13,80,900
196,3,70,1300
240,1,50,3800
589,36,52,3000
578,49,68,0
554,14,57,0
72,18,58,3700
1008,4,68,1200
931,6,64,3900
178,24,77,2900
496,28,69,1700
573,12,56,0
440,40,68,3300
854,36,78,1600
812,45,52,2400
1005,37,62,200
659,25,56,1400
75,17,51,3100
364,5,57,2900
715,27,70,2800
773,13,75,2000
641,45,78,2700
427,21,71,1000
181,20,53,2900
883,51,52,1000
810,18,76,3200
70,15,53,3600
157,1,53,1300
31,36,51,2600
438,15,80,100
75,32,77,600
284,44,63,3700
202,7,52,500
90,43,80,1700
509,48,53,3200
641,1,52,100
39,6,69,0
603,17,64,200
768,27,78,3100
464,51,80,2000
528,16,67,2600
188,10,52,3800
946,38,80,2400
226,33,50,1000
992,7,76,900
201,25,74,3800
677,34,62,1600
760,37,57,300
430,47,62,3900
147,35,63,3500
375,36,76,2800
200,32,70,3600
501,36,54,0
224,44,61,3800
217,47,68,3400
699,50,71,2700
233,16,51,2600
383,29,50,2800
92,33,59,100
559,1,54,1400
593,1,52,2900
411,9,75,1300
889,41,76,3800
286,23,53,3600
489,33,60,3100
232,29,80,600
442,12,70,2200
13,4,76,3200
956,2,55,3400
601,21,57,800
391,9,57,2600
29,52,69,3500
170,50,79,2100
332,14,74,800
237,38,78,200
462,16,64,1000
130,25,72,200
280,9,71,2900
